-9.999999999999997780e-01 -1.999999999999999112e+00
-9.999999999999995559e-01 -1.750000000000000000e+00
-1.000000000000000000e+00 -1.250000000000000000e+00
-9.999999999999995559e-01 -9.999999999999995559e-01
-1.666666666666655749e-01 -1.999999999999998002e+00
-2.211111111111102312e-01 -1.749999999999998890e+00
-2.755555555555551650e-01 -1.249999999999999112e+00
-3.299999999999999045e-01 -9.999999999999995559e-01
1.666666666666651864e-01 -2.000000000000003109e+00
2.211111111111100369e-01 -1.750000000000002665e+00
2.755555555555550540e-01 -1.250000000000001332e+00
3.299999999999998490e-01 -9.999999999999995559e-01
9.999999999999997780e-01 -1.999999999999999556e+00
9.999999999999997780e-01 -1.750000000000000000e+00
1.000000000000000000e+00 -1.249999999999999778e+00
9.999999999999995559e-01 -9.999999999999995559e-01
