-7.999999999999993783e+00 -1.999999999999997113e+00
-6.500000000000002665e+00 -1.000000000000002665e+00
-3.499999999999996447e+00 1.000000000000002665e+00
-2.000000000000001776e+00 1.999999999999997335e+00
-5.083333333333328596e+00 -1.999999999999999778e+00
-4.722222222222224097e+00 -1.583333333333335924e+00
-3.361111111111108940e+00 -4.166666666666655194e-01
-3.000000000000000888e+00 -1.443289932012703503e-15
-3.916666666666669627e+00 -1.999999999999998224e+00
-2.944444444444449083e+00 -1.166666666666667407e+00
-1.472222222222223209e+00 1.666666666666676844e-01
-5.000000000000000000e-01 9.999999999999995559e-01
-1.000000000000000000e+00 -1.999999999999999556e+00
-1.000000000000000000e+00 -1.750000000000000000e+00
-1.000000000000000000e+00 -1.249999999999999778e+00
-9.999999999999995559e-01 -9.999999999999995559e-01
