-1.000000000000000000e+00 -1.000000000000000000e+00
-5.000000000000000000e-01 1.000000000000000000e+00
-2.999999999999999556e+00 0.000000000000000000e+00
-2.000000000000000000e+00 2.000000000000000000e+00
-3.300000000000000155e-01 -1.000000000000000000e+00
-2.079151825236799922e-01 7.692422454922550612e-01
-1.673878563530537322e+00 1.154466808937392619e+00
-5.000000000000001110e-01 1.500000000000000000e+00
3.300000000000000711e-01 -1.000000000000000000e+00
2.079151825234226147e-01 7.692422454923422137e-01
1.673878563530708963e+00 1.154466808937319122e+00
5.000000000000000000e-01 1.500000000000000000e+00
1.000000000000000000e+00 -1.000000000000000000e+00
5.000000000000000000e-01 1.000000000000000000e+00
2.999999999999999556e+00 0.000000000000000000e+00
2.000000000000000000e+00 2.000000000000000000e+00
