1.000000000000000000e+00 -1.999999999999999556e+00
1.000000000000000000e+00 -1.750000000000000000e+00
1.000000000000000000e+00 -1.249999999999999778e+00
9.999999999999995559e-01 -9.999999999999995559e-01
3.916666666666672292e+00 -1.999999999999998224e+00
2.944444444444454412e+00 -1.166666666666666963e+00
1.472222222222223209e+00 1.666666666666676289e-01
5.000000000000004441e-01 9.999999999999994449e-01
5.083333333333322379e+00 -2.000000000000000000e+00
4.722222222222224985e+00 -1.583333333333335702e+00
3.361111111111104055e+00 -4.166666666666655194e-01
3.000000000000001332e+00 -1.665334536937734811e-15
7.999999999999990230e+00 -1.999999999999997558e+00
6.500000000000008882e+00 -1.000000000000002665e+00
3.499999999999991562e+00 1.000000000000002220e+00
2.000000000000002665e+00 1.999999999999997335e+00
