-2.000000000000001776e+00 1.999999999999997335e+00
-3.499999999999996447e+00 1.000000000000002220e+00
-6.500000000000003553e+00 -1.000000000000002442e+00
-7.999999999999992895e+00 -1.999999999999997335e+00
-5.000000000000001110e-01 1.499999999999997780e+00
-2.541296222504312308e+00 3.280433086508261376e+00
-5.082592445008621951e+00 4.060866173016515646e+00
-7.123888667512932926e+00 5.841299259524779686e+00
5.000000000000013323e-01 1.499999999999997335e+00
2.541296222504307423e+00 3.280433086508261376e+00
5.082592445008629056e+00 4.060866173016515646e+00
7.123888667512931150e+00 5.841299259524780574e+00
2.000000000000002665e+00 1.999999999999997335e+00
3.499999999999991118e+00 1.000000000000002220e+00
6.500000000000010658e+00 -1.000000000000002442e+00
7.999999999999989342e+00 -1.999999999999997335e+00
