-1.000000000000000000e+00 -2.000000000000000000e+00
-9.633373983304256427e-01 -1.838441036310797916e+00
-8.900121949912775943e-01 -1.515323108932398632e+00
-8.166869916521295458e-01 -1.192205181553997129e+00
-7.433617883129819415e-01 -8.690872541755958469e-01
-7.066991866434072511e-01 -7.075282904863948730e-01
-4.499999999999997335e-01 -2.000000000000000888e+00
-4.863228258153984296e-01 -1.866658593602011473e+00
-5.006480906290523558e-01 -1.571758223514824193e+00
-5.149733554427067261e-01 -1.276857853427636025e+00
-5.292986202563613185e-01 -9.819574833404474123e-01
-5.656214460717594594e-01 -8.486160769424595518e-01
-1.499999999999991895e-01 -2.000000000000002220e+00
-1.641733433583358603e-01 -1.897076183255469228e+00
-1.710141663827569602e-01 -1.632593402821740147e+00
-1.778549894071784765e-01 -1.368110622388009512e+00
-1.846958124316003258e-01 -1.103627841954277988e+00
-1.988691557899359696e-01 -1.000704025209747439e+00
1.500000000000006328e-01 -2.000000000000000444e+00
1.641733433583361657e-01 -1.897076183255469006e+00
1.710141663827582093e-01 -1.632593402821739703e+00
1.778549894071795590e-01 -1.368110622388009512e+00
1.846958124316007144e-01 -1.103627841954278654e+00
1.988691557899373574e-01 -1.000704025209748327e+00
4.500000000000011768e-01 -2.000000000000000444e+00
4.863228258153986516e-01 -1.866658593602011695e+00
5.006480906290537991e-01 -1.571758223514824193e+00
5.149733554427080584e-01 -1.276857853427636247e+00
5.292986202563619846e-01 -9.819574833404476344e-01
5.656214460717610137e-01 -8.486160769424602179e-01
1.000000000000000444e+00 -2.000000000000000444e+00
9.633373983304249766e-01 -1.838441036310798138e+00
8.900121949912782604e-01 -1.515323108932398632e+00
8.166869916521302120e-01 -1.192205181553997351e+00
7.433617883129819415e-01 -8.690872541755964020e-01
7.066991866434082503e-01 -7.075282904863957611e-01
