-8.000000000000000000e+00 -1.999999999999999556e+00
-7.088441036310797472e+00 -1.661662601669573469e+00
-5.265323108932397744e+00 -9.849878050087217396e-01
-3.442205181553998017e+00 -3.083130083478697325e-01
-1.619087254175594515e+00 3.683617883129824411e-01
-7.075282904863965383e-01 7.066991866434079173e-01
-6.075000000000000178e+00 -2.000000000000000888e+00
-5.471637866005934825e+00 -1.668697901780675785e+00
-4.131696040726599684e+00 -1.034414092159171572e+00
-2.791754215447263210e+00 -4.001302825376662486e-01
-1.451812390167922517e+00 2.341535270838389915e-01
-8.484502561738626047e-01 5.654556253031628454e-01
-5.025000000000002132e+00 -1.999999999999999334e+00
-4.557034728063321438e+00 -1.720868111833812053e+00
-3.527469037245292149e+00 -1.174110199193689752e+00
-2.497903346427263749e+00 -6.273522865535672288e-01
-1.468337655609232018e+00 -8.059437391344476120e-02
-1.000372383672553322e+00 1.985375142527417425e-01
-3.975000000000000533e+00 -2.000000000000001332e+00
-3.612014000467245189e+00 -1.779235526146560664e+00
-2.862406854457067329e+00 -1.326200714747430398e+00
-2.112799708446888580e+00 -8.731659033482996879e-01
-1.363192562436709387e+00 -4.201310919491689777e-01
-1.000206562903955376e+00 -1.993666180957289757e-01
-2.925000000000005151e+00 -1.999999999999999334e+00
-2.636575683217716737e+00 -1.831405736199695600e+00
-2.136509492361930995e+00 -1.465896821781948800e+00
-1.636443301506145254e+00 -1.100387907364201112e+00
-1.136377110650357514e+00 -7.348789929464525361e-01
-8.479527938680705423e-01 -5.662847291461501342e-01
-1.000000000000000888e+00 -2.000000000000000444e+00
-9.633373983304256427e-01 -1.838441036310798138e+00
-8.900121949912778163e-01 -1.515323108932398632e+00
-8.166869916521295458e-01 -1.192205181553997129e+00
-7.433617883129821635e-01 -8.690872541755959579e-01
-7.066991866434073621e-01 -7.075282904863950950e-01
