-7.066991866434079173e-01 -7.075282904863955391e-01
-8.477869730994733732e-01 -5.661189083775529651e-01
-9.998749213667604829e-01 -1.990349765585341379e-01
-9.998749213667608160e-01 1.990349765585342490e-01
-8.477869730994723740e-01 5.661189083775531872e-01
-7.066991866434084724e-01 7.075282904863958722e-01
-5.656214460717597925e-01 -8.486160769424599959e-01
-6.502741179453994658e-01 -6.507715802511917502e-01
-7.415268869057718426e-01 -2.272525338497471681e-01
-7.415268869057722867e-01 2.272525338497471126e-01
-6.502741179453992437e-01 6.507715802511917502e-01
-5.656214460717613468e-01 8.486160769424598849e-01
-1.988691557899362472e-01 -1.000704025209747883e+00
-2.270867130811501100e-01 -7.420243492115643491e-01
-2.575043027346070601e-01 -2.576701235032044512e-01
-2.575043027346073377e-01 2.576701235032050619e-01
-2.270867130811491663e-01 7.420243492115653483e-01
-1.988691557899371909e-01 1.000704025209748327e+00
1.988691557899371354e-01 -1.000704025209748771e+00
2.270867130811493606e-01 -7.420243492115647932e-01
2.575043027346073932e-01 -2.576701235032049508e-01
2.575043027346070601e-01 2.576701235032043957e-01
2.270867130811502210e-01 7.420243492115645711e-01
1.988691557899360807e-01 1.000704025209747661e+00
5.656214460717610137e-01 -8.486160769424604400e-01
6.502741179453989107e-01 -6.507715802511917502e-01
7.415268869057720647e-01 -2.272525338497467795e-01
7.415268869057718426e-01 2.272525338497475011e-01
6.502741179454000209e-01 6.507715802511928604e-01
5.656214460717596815e-01 8.486160769424605510e-01
7.066991866434084724e-01 -7.075282904863962052e-01
8.477869730994723740e-01 -5.661189083775532982e-01
9.998749213667608160e-01 -1.990349765585343600e-01
9.998749213667603719e-01 1.990349765585339159e-01
8.477869730994737063e-01 5.661189083775532982e-01
7.066991866434075842e-01 7.075282904863948730e-01
