1.000000000000000000e+00 -2.000000000000000888e+00
9.633373983304247545e-01 -1.838441036310798360e+00
8.900121949912787045e-01 -1.515323108932398632e+00
8.166869916521299899e-01 -1.192205181553997573e+00
7.433617883129817194e-01 -8.690872541755962910e-01
7.066991866434081393e-01 -7.075282904863957611e-01
2.924999999999992717e+00 -2.000000000000000000e+00
2.636575683217706967e+00 -1.831405736199696044e+00
2.136509492361924778e+00 -1.465896821781949244e+00
1.636443301506139925e+00 -1.100387907364201112e+00
1.136377110650354405e+00 -7.348789929464528692e-01
8.479527938680702093e-01 -5.662847291461505783e-01
3.974999999999998757e+00 -1.999999999999999556e+00
3.612014000467247854e+00 -1.779235526146558888e+00
2.862406854457066885e+00 -1.326200714747429288e+00
2.112799708446890357e+00 -8.731659033482990218e-01
1.363192562436709609e+00 -4.201310919491687557e-01
1.000206562903956486e+00 -1.993666180957291423e-01
5.024999999999995914e+00 -2.000000000000000000e+00
4.557034728063321438e+00 -1.720868111833813163e+00
3.527469037245289041e+00 -1.174110199193690418e+00
2.497903346427263749e+00 -6.273522865535681170e-01
1.468337655609231795e+00 -8.059437391344509427e-02
1.000372383672554211e+00 1.985375142527416314e-01
6.074999999999993960e+00 -1.999999999999996003e+00
5.471637866005940154e+00 -1.668697901780672899e+00
4.131696040726597907e+00 -1.034414092159168685e+00
2.791754215447264986e+00 -4.001302825376644723e-01
1.451812390167924738e+00 2.341535270838401295e-01
8.484502561738653803e-01 5.654556253031635116e-01
7.999999999999992895e+00 -1.999999999999998668e+00
7.088441036310802801e+00 -1.661662601669574357e+00
5.265323108932395080e+00 -9.849878050087217396e-01
3.442205181553998905e+00 -3.083130083478702876e-01
1.619087254175594293e+00 3.683617883129817749e-01
7.075282904863969824e-01 7.066991866434076952e-01
