-7.075282904863964273e-01 7.066991866434079173e-01
-1.619087254175594293e+00 3.683617883129823856e-01
-3.442205181553998905e+00 -3.083130083478697325e-01
-5.265323108932398632e+00 -9.849878050087217396e-01
-7.088441036310796584e+00 -1.661662601669573247e+00
-8.000000000000000000e+00 -1.999999999999999556e+00
-5.661189083775538533e-01 8.477869730994719299e-01
-1.719310177237999060e+00 1.146137209586826078e+00
-3.419436824311967271e+00 1.106150047743753584e+00
-5.119563471385935038e+00 1.066162885900681090e+00
-6.819690118459900141e+00 1.026175724057609040e+00
-7.972881387320349234e+00 1.324525960544962189e+00
-1.990349765585342490e-01 9.998749213667607050e-01
-7.129734504167397624e-01 2.199468194629700779e+00
-1.409223717012785482e+00 3.060724069562214211e+00
-2.105473983608832533e+00 3.921979944494728532e+00
-2.801724250204875588e+00 4.783235819427241076e+00
-3.315662724063085598e+00 5.982829092690181483e+00
1.990349765585345820e-01 9.998749213667601499e-01
7.129734504167388742e-01 2.199468194629701223e+00
1.409223717012785704e+00 3.060724069562215988e+00
2.105473983608829425e+00 3.921979944494731196e+00
2.801724250204879141e+00 4.783235819427245517e+00
3.315662724063077604e+00 5.982829092690186812e+00
5.661189083775537423e-01 8.477869730994730402e-01
1.719310177237997284e+00 1.146137209586826078e+00
3.419436824311965051e+00 1.106150047743752474e+00
5.119563471385927933e+00 1.066162885900679314e+00
6.819690118459899253e+00 1.026175724057605487e+00
7.972881387320336799e+00 1.324525960544958858e+00
7.075282904863968714e-01 7.066991866434075842e-01
1.619087254175594293e+00 3.683617883129818305e-01
3.442205181553998461e+00 -3.083130083478702876e-01
5.265323108932394192e+00 -9.849878050087215176e-01
7.088441036310803689e+00 -1.661662601669574135e+00
7.999999999999992895e+00 -1.999999999999999112e+00
