1.33333333333 0
0.888888888889 0
-2.22044604925e-16 0
-0.888888888889 0
-1.33333333333 0
1.00689182661 0.132322458644
0.678758326418 0.100562244891
-9.71257030796e-17 0.0775438763046
-0.678758326418 0.100562244891
-1.00689182661 0.132322458644
0.680450319885 0.264644917289
0.468627763946 0.201124489781
2.77931987658e-17 0.155087752609
-0.468627763946 0.201124489781
-0.680450319885 0.264644917289
0.35400881316 0.396967375933
0.258497201475 0.301686734672
1.52712100611e-16 0.232631628914
-0.258497201475 0.301686734672
-0.35400881316 0.396967375933
