0.353032624067 0.39599118684
0.258009106928 0.300710545578
-2.91377109239e-16 0.231655439821
-0.258009106928 0.300710545578
-0.353032624067 0.39599118684
0.448313265328 0.491502798525
0.305649427559 0.443862477894
-2.91377109239e-16 0.409334925016
-0.305649427559 0.443862477894
-0.448313265328 0.491502798525
0.517368371086 0.75
0.340176980438 0.75
-2.91377109239e-16 0.75
-0.340176980438 0.75
-0.517368371086 0.75
0.448313265328 1.00849720147
0.305649427559 1.05613752211
-2.91377109239e-16 1.09066507498
-0.305649427559 1.05613752211
-0.448313265328 1.00849720147
0.353032624067 1.10400881316
0.258009106928 1.19928945442
-2.91377109239e-16 1.26834456018
-0.258009106928 1.19928945442
-0.353032624067 1.10400881316
