1.33333333333 0
1 0
0.333333333333 0
-0.333333333333 0
-1 0
-1.33333333333 0
1.11666666667 0.05
0.8375 0.05
0.279166666667 0.05
-0.279166666667 0.05
-0.8375 0.05
-1.11666666667 0.05
0.9 0.1
0.675 0.1
0.225 0.1
-0.225 0.1
-0.675 0.1
-0.9 0.1
0.683333333333 0.15
0.5125 0.15
0.170833333333 0.15
-0.170833333333 0.15
-0.5125 0.15
-0.683333333333 0.15
0.466666666667 0.2
0.35 0.2
0.116666666667 0.2
-0.116666666667 0.2
-0.35 0.2
-0.466666666667 0.2
0.25 0.25
0.1875 0.25
0.0625 0.25
-0.0625 0.25
-0.1875 0.25
-0.25 0.25
