-1.33333333333 0
-1.66666666667 0
-2.33333333333 0
-3 0
-3.66666666667 0
-4 0
-1.11666666667 0.05
-1.38333333333 0.0625
-1.91666666667 0.0875
-2.45 0.1125
-2.98333333333 0.1375
-3.25 0.15
-0.9 0.1
-1.1 0.125
-1.5 0.175
-1.9 0.225
-2.3 0.275
-2.5 0.3
-0.683333333333 0.15
-0.816666666667 0.1875
-1.08333333333 0.2625
-1.35 0.3375
-1.61666666667 0.4125
-1.75 0.45
-0.466666666667 0.2
-0.533333333333 0.25
-0.666666666667 0.35
-0.8 0.45
-0.933333333333 0.55
-1 0.6
-0.25 0.25
-0.25 0.3125
-0.25 0.4375
-0.25 0.5625
-0.25 0.6875
-0.25 0.75
