-5.000000e+00 -5.000000e+00 -5.000000e+00
-5.000000e+00 -3.888889e+00 -5.000000e+00
-5.000000e+00 -2.777778e+00 -5.000000e+00
-5.000000e+00 -1.666667e+00 -5.000000e+00
-5.000000e+00 -5.555556e-01 -5.000000e+00
-5.000000e+00 5.555556e-01 -5.000000e+00
-5.000000e+00 1.666667e+00 -5.000000e+00
-5.000000e+00 2.777778e+00 -5.000000e+00
-5.000000e+00 3.888889e+00 -5.000000e+00
-5.000000e+00 5.000000e+00 -5.000000e+00
-3.888889e+00 -5.000000e+00 -5.000000e+00
-9.267767e-01 -9.267767e-01 -5.200000e+00
-9.534334e-01 -6.810238e-01 -5.200000e+00
-9.797863e-01 -4.199084e-01 -5.200000e+00
-9.974874e-01 -1.424982e-01 -5.200000e+00
-9.974874e-01 1.424982e-01 -5.200000e+00
-9.797863e-01 4.199084e-01 -5.200000e+00
-9.534334e-01 6.810238e-01 -5.200000e+00
-9.267767e-01 9.267767e-01 -5.200000e+00
-3.888889e+00 5.000000e+00 -5.000000e+00
-2.777778e+00 -5.000000e+00 -5.000000e+00
-6.810238e-01 -9.534334e-01 -5.200000e+00
-8.535534e-01 -8.535534e-01 -6.800000e+00
-9.287465e-01 -5.572479e-01 -6.800000e+00
-9.902903e-01 -1.980581e-01 -6.800000e+00
-9.902903e-01 1.980581e-01 -6.800000e+00
-9.287465e-01 5.572479e-01 -6.800000e+00
-8.535534e-01 8.535534e-01 -6.800000e+00
-6.810238e-01 9.534334e-01 -5.200000e+00
-2.777778e+00 5.000000e+00 -5.000000e+00
-1.666667e+00 -5.000000e+00 -5.000000e+00
-4.199084e-01 -9.797863e-01 -5.200000e+00
-5.572479e-01 -9.287465e-01 -6.800000e+00
-3.121320e+00 -3.121320e+00 -7.000000e+00
-3.846050e+00 -1.282017e+00 -7.000000e+00
-3.846050e+00 1.282017e+00 -7.000000e+00
-3.121320e+00 3.121320e+00 -7.000000e+00
-5.572479e-01 9.287465e-01 -6.800000e+00
-4.199084e-01 9.797863e-01 -5.200000e+00
-1.666667e+00 5.000000e+00 -5.000000e+00
-5.555556e-01 -5.000000e+00 -5.000000e+00
-1.424982e-01 -9.974874e-01 -5.200000e+00
-1.980581e-01 -9.902903e-01 -6.800000e+00
-1.282017e+00 -3.846050e+00 -7.000000e+00
-2.828427e+00 -2.828427e+00 -8.000000e+00
-2.828427e+00 2.828427e+00 -8.000000e+00
-1.282017e+00 3.846050e+00 -7.000000e+00
-1.980581e-01 9.902903e-01 -6.800000e+00
-1.424982e-01 9.974874e-01 -5.200000e+00
-5.555556e-01 5.000000e+00 -5.000000e+00
5.555556e-01 -5.000000e+00 -5.000000e+00
1.424982e-01 -9.974874e-01 -5.200000e+00
1.980581e-01 -9.902903e-01 -6.800000e+00
1.282017e+00 -3.846050e+00 -7.000000e+00
2.828427e+00 -2.828427e+00 -8.000000e+00
2.828427e+00 2.828427e+00 -8.000000e+00
1.282017e+00 3.846050e+00 -7.000000e+00
1.980581e-01 9.902903e-01 -6.800000e+00
1.424982e-01 9.974874e-01 -5.200000e+00
5.555556e-01 5.000000e+00 -5.000000e+00
1.666667e+00 -5.000000e+00 -5.000000e+00
4.199084e-01 -9.797863e-01 -5.200000e+00
5.572479e-01 -9.287465e-01 -6.800000e+00
3.121320e+00 -3.121320e+00 -7.000000e+00
3.846050e+00 -1.282017e+00 -7.000000e+00
3.846050e+00 1.282017e+00 -7.000000e+00
3.121320e+00 3.121320e+00 -7.000000e+00
5.572479e-01 9.287465e-01 -6.800000e+00
4.199084e-01 9.797863e-01 -5.200000e+00
1.666667e+00 5.000000e+00 -5.000000e+00
2.777778e+00 -5.000000e+00 -5.000000e+00
6.810238e-01 -9.534334e-01 -5.200000e+00
8.535534e-01 -8.535534e-01 -6.800000e+00
9.287465e-01 -5.572479e-01 -6.800000e+00
9.902903e-01 -1.980581e-01 -6.800000e+00
9.902903e-01 1.980581e-01 -6.800000e+00
9.287465e-01 5.572479e-01 -6.800000e+00
8.535534e-01 8.535534e-01 -6.800000e+00
6.810238e-01 9.534334e-01 -5.200000e+00
2.777778e+00 5.000000e+00 -5.000000e+00
3.888889e+00 -5.000000e+00 -5.000000e+00
9.267767e-01 -9.267767e-01 -5.200000e+00
9.534334e-01 -6.810238e-01 -5.200000e+00
9.797863e-01 -4.199084e-01 -5.200000e+00
9.974874e-01 -1.424982e-01 -5.200000e+00
9.974874e-01 1.424982e-01 -5.200000e+00
9.797863e-01 4.199084e-01 -5.200000e+00
9.534334e-01 6.810238e-01 -5.200000e+00
9.267767e-01 9.267767e-01 -5.200000e+00
3.888889e+00 5.000000e+00 -5.000000e+00
5.000000e+00 -5.000000e+00 -5.000000e+00
5.000000e+00 -3.888889e+00 -5.000000e+00
5.000000e+00 -2.777778e+00 -5.000000e+00
5.000000e+00 -1.666667e+00 -5.000000e+00
5.000000e+00 -5.555556e-01 -5.000000e+00
5.000000e+00 5.555556e-01 -5.000000e+00
5.000000e+00 1.666667e+00 -5.000000e+00
5.000000e+00 2.777778e+00 -5.000000e+00
5.000000e+00 3.888889e+00 -5.000000e+00
5.000000e+00 5.000000e+00 -5.000000e+00
-5.000000e+00 -5.000000e+00 -3.888889e+00
-4.800000e+00 -9.267767e-01 -9.267767e-01
-4.800000e+00 -6.810238e-01 -9.534334e-01
-4.800000e+00 -4.199084e-01 -9.797863e-01
-4.800000e+00 -1.424982e-01 -9.974874e-01
-4.800000e+00 1.424982e-01 -9.974874e-01
-4.800000e+00 4.199084e-01 -9.797863e-01
-4.800000e+00 6.810238e-01 -9.534334e-01
-4.800000e+00 9.267767e-01 -9.267767e-01
-5.000000e+00 5.000000e+00 -3.888889e+00
-9.267767e-01 -5.200000e+00 -9.267767e-01
-3.888889e+00 -3.888889e+00 -3.888889e+00
-3.888889e+00 -2.777778e+00 -3.888889e+00
-3.888889e+00 -1.666667e+00 -3.888889e+00
-3.888889e+00 -5.555556e-01 -3.888889e+00
-3.888889e+00 5.555556e-01 -3.888889e+00
-3.888889e+00 1.666667e+00 -3.888889e+00
-3.888889e+00 2.777778e+00 -3.888889e+00
-3.888889e+00 3.888889e+00 -3.888889e+00
-9.267767e-01 5.200000e+00 -9.267767e-01
-6.810238e-01 -5.200000e+00 -9.534334e-01
-2.777778e+00 -3.888889e+00 -3.888889e+00
-2.777778e+00 -2.777778e+00 -3.888889e+00
-2.777778e+00 -1.666667e+00 -3.888889e+00
-2.777778e+00 -5.555556e-01 -3.888889e+00
-2.777778e+00 5.555556e-01 -3.888889e+00
-2.777778e+00 1.666667e+00 -3.888889e+00
-2.777778e+00 2.777778e+00 -3.888889e+00
-2.777778e+00 3.888889e+00 -3.888889e+00
-6.810238e-01 5.200000e+00 -9.534334e-01
-4.199084e-01 -5.200000e+00 -9.797863e-01
-1.666667e+00 -3.888889e+00 -3.888889e+00
-1.666667e+00 -2.777778e+00 -3.888889e+00
-1.666667e+00 -1.666667e+00 -3.888889e+00
-1.666667e+00 -5.555556e-01 -3.888889e+00
-1.666667e+00 5.555556e-01 -3.888889e+00
-1.666667e+00 1.666667e+00 -3.888889e+00
-1.666667e+00 2.777778e+00 -3.888889e+00
-1.666667e+00 3.888889e+00 -3.888889e+00
-4.199084e-01 5.200000e+00 -9.797863e-01
-1.424982e-01 -5.200000e+00 -9.974874e-01
-5.555556e-01 -3.888889e+00 -3.888889e+00
-5.555556e-01 -2.777778e+00 -3.888889e+00
-5.555556e-01 -1.666667e+00 -3.888889e+00
-5.555556e-01 -5.555556e-01 -3.888889e+00
-5.555556e-01 5.555556e-01 -3.888889e+00
-5.555556e-01 1.666667e+00 -3.888889e+00
-5.555556e-01 2.777778e+00 -3.888889e+00
-5.555556e-01 3.888889e+00 -3.888889e+00
-1.424982e-01 5.200000e+00 -9.974874e-01
1.424982e-01 -5.200000e+00 -9.974874e-01
5.555556e-01 -3.888889e+00 -3.888889e+00
5.555556e-01 -2.777778e+00 -3.888889e+00
5.555556e-01 -1.666667e+00 -3.888889e+00
5.555556e-01 -5.555556e-01 -3.888889e+00
5.555556e-01 5.555556e-01 -3.888889e+00
5.555556e-01 1.666667e+00 -3.888889e+00
5.555556e-01 2.777778e+00 -3.888889e+00
5.555556e-01 3.888889e+00 -3.888889e+00
1.424982e-01 5.200000e+00 -9.974874e-01
4.199084e-01 -5.200000e+00 -9.797863e-01
1.666667e+00 -3.888889e+00 -3.888889e+00
1.666667e+00 -2.777778e+00 -3.888889e+00
1.666667e+00 -1.666667e+00 -3.888889e+00
1.666667e+00 -5.555556e-01 -3.888889e+00
1.666667e+00 5.555556e-01 -3.888889e+00
1.666667e+00 1.666667e+00 -3.888889e+00
1.666667e+00 2.777778e+00 -3.888889e+00
1.666667e+00 3.888889e+00 -3.888889e+00
4.199084e-01 5.200000e+00 -9.797863e-01
6.810238e-01 -5.200000e+00 -9.534334e-01
2.777778e+00 -3.888889e+00 -3.888889e+00
2.777778e+00 -2.777778e+00 -3.888889e+00
2.777778e+00 -1.666667e+00 -3.888889e+00
2.777778e+00 -5.555556e-01 -3.888889e+00
2.777778e+00 5.555556e-01 -3.888889e+00
2.777778e+00 1.666667e+00 -3.888889e+00
2.777778e+00 2.777778e+00 -3.888889e+00
2.777778e+00 3.888889e+00 -3.888889e+00
6.810238e-01 5.200000e+00 -9.534334e-01
9.267767e-01 -5.200000e+00 -9.267767e-01
3.888889e+00 -3.888889e+00 -3.888889e+00
3.888889e+00 -2.777778e+00 -3.888889e+00
3.888889e+00 -1.666667e+00 -3.888889e+00
3.888889e+00 -5.555556e-01 -3.888889e+00
3.888889e+00 5.555556e-01 -3.888889e+00
3.888889e+00 1.666667e+00 -3.888889e+00
3.888889e+00 2.777778e+00 -3.888889e+00
3.888889e+00 3.888889e+00 -3.888889e+00
9.267767e-01 5.200000e+00 -9.267767e-01
5.000000e+00 -5.000000e+00 -3.888889e+00
4.800000e+00 -9.267767e-01 -9.267767e-01
4.800000e+00 -6.810238e-01 -9.534334e-01
4.800000e+00 -4.199084e-01 -9.797863e-01
4.800000e+00 -1.424982e-01 -9.974874e-01
4.800000e+00 1.424982e-01 -9.974874e-01
4.800000e+00 4.199084e-01 -9.797863e-01
4.800000e+00 6.810238e-01 -9.534334e-01
4.800000e+00 9.267767e-01 -9.267767e-01
5.000000e+00 5.000000e+00 -3.888889e+00
-5.000000e+00 -5.000000e+00 -2.777778e+00
-4.800000e+00 -9.534334e-01 -6.810238e-01
-3.200000e+00 -8.535534e-01 -8.535534e-01
-3.200000e+00 -5.572479e-01 -9.287465e-01
-3.200000e+00 -1.980581e-01 -9.902903e-01
-3.200000e+00 1.980581e-01 -9.902903e-01
-3.200000e+00 5.572479e-01 -9.287465e-01
-3.200000e+00 8.535534e-01 -8.535534e-01
-4.800000e+00 9.534334e-01 -6.810238e-01
-5.000000e+00 5.000000e+00 -2.777778e+00
-9.534334e-01 -5.200000e+00 -6.810238e-01
-3.888889e+00 -3.888889e+00 -2.777778e+00
-3.888889e+00 -2.777778e+00 -2.777778e+00
-3.888889e+00 -1.666667e+00 -2.777778e+00
-3.888889e+00 -5.555556e-01 -2.777778e+00
-3.888889e+00 5.555556e-01 -2.777778e+00
-3.888889e+00 1.666667e+00 -2.777778e+00
-3.888889e+00 2.777778e+00 -2.777778e+00
-3.888889e+00 3.888889e+00 -2.777778e+00
-9.534334e-01 5.200000e+00 -6.810238e-01
-8.535534e-01 -6.800000e+00 -8.535534e-01
-2.777778e+00 -3.888889e+00 -2.777778e+00
-2.777778e+00 -2.777778e+00 -2.777778e+00
-2.777778e+00 -1.666667e+00 -2.777778e+00
-2.777778e+00 -5.555556e-01 -2.777778e+00
-2.777778e+00 5.555556e-01 -2.777778e+00
-2.777778e+00 1.666667e+00 -2.777778e+00
-2.777778e+00 2.777778e+00 -2.777778e+00
-2.777778e+00 3.888889e+00 -2.777778e+00
-8.535534e-01 6.800000e+00 -8.535534e-01
-5.572479e-01 -6.800000e+00 -9.287465e-01
-1.666667e+00 -3.888889e+00 -2.777778e+00
-1.666667e+00 -2.777778e+00 -2.777778e+00
-1.666667e+00 -1.666667e+00 -2.777778e+00
-1.666667e+00 -5.555556e-01 -2.777778e+00
-1.666667e+00 5.555556e-01 -2.777778e+00
-1.666667e+00 1.666667e+00 -2.777778e+00
-1.666667e+00 2.777778e+00 -2.777778e+00
-1.666667e+00 3.888889e+00 -2.777778e+00
-5.572479e-01 6.800000e+00 -9.287465e-01
-1.980581e-01 -6.800000e+00 -9.902903e-01
-5.555556e-01 -3.888889e+00 -2.777778e+00
-5.555556e-01 -2.777778e+00 -2.777778e+00
-5.555556e-01 -1.666667e+00 -2.777778e+00
-5.555556e-01 -5.555556e-01 -2.777778e+00
-5.555556e-01 5.555556e-01 -2.777778e+00
-5.555556e-01 1.666667e+00 -2.777778e+00
-5.555556e-01 2.777778e+00 -2.777778e+00
-5.555556e-01 3.888889e+00 -2.777778e+00
-1.980581e-01 6.800000e+00 -9.902903e-01
1.980581e-01 -6.800000e+00 -9.902903e-01
5.555556e-01 -3.888889e+00 -2.777778e+00
5.555556e-01 -2.777778e+00 -2.777778e+00
5.555556e-01 -1.666667e+00 -2.777778e+00
5.555556e-01 -5.555556e-01 -2.777778e+00
5.555556e-01 5.555556e-01 -2.777778e+00
5.555556e-01 1.666667e+00 -2.777778e+00
5.555556e-01 2.777778e+00 -2.777778e+00
5.555556e-01 3.888889e+00 -2.777778e+00
1.980581e-01 6.800000e+00 -9.902903e-01
5.572479e-01 -6.800000e+00 -9.287465e-01
1.666667e+00 -3.888889e+00 -2.777778e+00
1.666667e+00 -2.777778e+00 -2.777778e+00
1.666667e+00 -1.666667e+00 -2.777778e+00
1.666667e+00 -5.555556e-01 -2.777778e+00
1.666667e+00 5.555556e-01 -2.777778e+00
1.666667e+00 1.666667e+00 -2.777778e+00
1.666667e+00 2.777778e+00 -2.777778e+00
1.666667e+00 3.888889e+00 -2.777778e+00
5.572479e-01 6.800000e+00 -9.287465e-01
8.535534e-01 -6.800000e+00 -8.535534e-01
2.777778e+00 -3.888889e+00 -2.777778e+00
2.777778e+00 -2.777778e+00 -2.777778e+00
2.777778e+00 -1.666667e+00 -2.777778e+00
2.777778e+00 -5.555556e-01 -2.777778e+00
2.777778e+00 5.555556e-01 -2.777778e+00
2.777778e+00 1.666667e+00 -2.777778e+00
2.777778e+00 2.777778e+00 -2.777778e+00
2.777778e+00 3.888889e+00 -2.777778e+00
8.535534e-01 6.800000e+00 -8.535534e-01
9.534334e-01 -5.200000e+00 -6.810238e-01
3.888889e+00 -3.888889e+00 -2.777778e+00
3.888889e+00 -2.777778e+00 -2.777778e+00
3.888889e+00 -1.666667e+00 -2.777778e+00
3.888889e+00 -5.555556e-01 -2.777778e+00
3.888889e+00 5.555556e-01 -2.777778e+00
3.888889e+00 1.666667e+00 -2.777778e+00
3.888889e+00 2.777778e+00 -2.777778e+00
3.888889e+00 3.888889e+00 -2.777778e+00
9.534334e-01 5.200000e+00 -6.810238e-01
5.000000e+00 -5.000000e+00 -2.777778e+00
4.800000e+00 -9.534334e-01 -6.810238e-01
3.200000e+00 -8.535534e-01 -8.535534e-01
3.200000e+00 -5.572479e-01 -9.287465e-01
3.200000e+00 -1.980581e-01 -9.902903e-01
3.200000e+00 1.980581e-01 -9.902903e-01
3.200000e+00 5.572479e-01 -9.287465e-01
3.200000e+00 8.535534e-01 -8.535534e-01
4.800000e+00 9.534334e-01 -6.810238e-01
5.000000e+00 5.000000e+00 -2.777778e+00
-5.000000e+00 -5.000000e+00 -1.666667e+00
-4.800000e+00 -9.797863e-01 -4.199084e-01
-3.200000e+00 -9.287465e-01 -5.572479e-01
-3.000000e+00 -3.121320e+00 -3.121320e+00
-3.000000e+00 -1.282017e+00 -3.846050e+00
-3.000000e+00 1.282017e+00 -3.846050e+00
-3.000000e+00 3.121320e+00 -3.121320e+00
-3.200000e+00 9.287465e-01 -5.572479e-01
-4.800000e+00 9.797863e-01 -4.199084e-01
-5.000000e+00 5.000000e+00 -1.666667e+00
-9.797863e-01 -5.200000e+00 -4.199084e-01
-3.888889e+00 -3.888889e+00 -1.666667e+00
-3.888889e+00 -2.777778e+00 -1.666667e+00
-3.888889e+00 -1.666667e+00 -1.666667e+00
-3.888889e+00 -5.555556e-01 -1.666667e+00
-3.888889e+00 5.555556e-01 -1.666667e+00
-3.888889e+00 1.666667e+00 -1.666667e+00
-3.888889e+00 2.777778e+00 -1.666667e+00
-3.888889e+00 3.888889e+00 -1.666667e+00
-9.797863e-01 5.200000e+00 -4.199084e-01
-9.287465e-01 -6.800000e+00 -5.572479e-01
-2.777778e+00 -3.888889e+00 -1.666667e+00
-2.777778e+00 -2.777778e+00 -1.666667e+00
-2.777778e+00 -1.666667e+00 -1.666667e+00
-2.777778e+00 -5.555556e-01 -1.666667e+00
-2.777778e+00 5.555556e-01 -1.666667e+00
-2.777778e+00 1.666667e+00 -1.666667e+00
-2.777778e+00 2.777778e+00 -1.666667e+00
-2.777778e+00 3.888889e+00 -1.666667e+00
-9.287465e-01 6.800000e+00 -5.572479e-01
-3.121320e+00 -7.000000e+00 -3.121320e+00
-1.666667e+00 -3.888889e+00 -1.666667e+00
-1.666667e+00 -2.777778e+00 -1.666667e+00
-1.666667e+00 -1.666667e+00 -1.666667e+00
-1.666667e+00 -5.555556e-01 -1.666667e+00
-1.666667e+00 5.555556e-01 -1.666667e+00
-1.666667e+00 1.666667e+00 -1.666667e+00
-1.666667e+00 2.777778e+00 -1.666667e+00
-1.666667e+00 3.888889e+00 -1.666667e+00
-3.121320e+00 7.000000e+00 -3.121320e+00
-1.282017e+00 -7.000000e+00 -3.846050e+00
-5.555556e-01 -3.888889e+00 -1.666667e+00
-5.555556e-01 -2.777778e+00 -1.666667e+00
-5.555556e-01 -1.666667e+00 -1.666667e+00
-5.555556e-01 -5.555556e-01 -1.666667e+00
-5.555556e-01 5.555556e-01 -1.666667e+00
-5.555556e-01 1.666667e+00 -1.666667e+00
-5.555556e-01 2.777778e+00 -1.666667e+00
-5.555556e-01 3.888889e+00 -1.666667e+00
-1.282017e+00 7.000000e+00 -3.846050e+00
1.282017e+00 -7.000000e+00 -3.846050e+00
5.555556e-01 -3.888889e+00 -1.666667e+00
5.555556e-01 -2.777778e+00 -1.666667e+00
5.555556e-01 -1.666667e+00 -1.666667e+00
5.555556e-01 -5.555556e-01 -1.666667e+00
5.555556e-01 5.555556e-01 -1.666667e+00
5.555556e-01 1.666667e+00 -1.666667e+00
5.555556e-01 2.777778e+00 -1.666667e+00
5.555556e-01 3.888889e+00 -1.666667e+00
1.282017e+00 7.000000e+00 -3.846050e+00
3.121320e+00 -7.000000e+00 -3.121320e+00
1.666667e+00 -3.888889e+00 -1.666667e+00
1.666667e+00 -2.777778e+00 -1.666667e+00
1.666667e+00 -1.666667e+00 -1.666667e+00
1.666667e+00 -5.555556e-01 -1.666667e+00
1.666667e+00 5.555556e-01 -1.666667e+00
1.666667e+00 1.666667e+00 -1.666667e+00
1.666667e+00 2.777778e+00 -1.666667e+00
1.666667e+00 3.888889e+00 -1.666667e+00
3.121320e+00 7.000000e+00 -3.121320e+00
9.287465e-01 -6.800000e+00 -5.572479e-01
2.777778e+00 -3.888889e+00 -1.666667e+00
2.777778e+00 -2.777778e+00 -1.666667e+00
2.777778e+00 -1.666667e+00 -1.666667e+00
2.777778e+00 -5.555556e-01 -1.666667e+00
2.777778e+00 5.555556e-01 -1.666667e+00
2.777778e+00 1.666667e+00 -1.666667e+00
2.777778e+00 2.777778e+00 -1.666667e+00
2.777778e+00 3.888889e+00 -1.666667e+00
9.287465e-01 6.800000e+00 -5.572479e-01
9.797863e-01 -5.200000e+00 -4.199084e-01
3.888889e+00 -3.888889e+00 -1.666667e+00
3.888889e+00 -2.777778e+00 -1.666667e+00
3.888889e+00 -1.666667e+00 -1.666667e+00
3.888889e+00 -5.555556e-01 -1.666667e+00
3.888889e+00 5.555556e-01 -1.666667e+00
3.888889e+00 1.666667e+00 -1.666667e+00
3.888889e+00 2.777778e+00 -1.666667e+00
3.888889e+00 3.888889e+00 -1.666667e+00
9.797863e-01 5.200000e+00 -4.199084e-01
5.000000e+00 -5.000000e+00 -1.666667e+00
4.800000e+00 -9.797863e-01 -4.199084e-01
3.200000e+00 -9.287465e-01 -5.572479e-01
3.000000e+00 -3.121320e+00 -3.121320e+00
3.000000e+00 -1.282017e+00 -3.846050e+00
3.000000e+00 1.282017e+00 -3.846050e+00
3.000000e+00 3.121320e+00 -3.121320e+00
3.200000e+00 9.287465e-01 -5.572479e-01
4.800000e+00 9.797863e-01 -4.199084e-01
5.000000e+00 5.000000e+00 -1.666667e+00
-5.000000e+00 -5.000000e+00 -5.555556e-01
-4.800000e+00 -9.974874e-01 -1.424982e-01
-3.200000e+00 -9.902903e-01 -1.980581e-01
-3.000000e+00 -3.846050e+00 -1.282017e+00
-2.000000e+00 -2.828427e+00 -2.828427e+00
-2.000000e+00 2.828427e+00 -2.828427e+00
-3.000000e+00 3.846050e+00 -1.282017e+00
-3.200000e+00 9.902903e-01 -1.980581e-01
-4.800000e+00 9.974874e-01 -1.424982e-01
-5.000000e+00 5.000000e+00 -5.555556e-01
-9.974874e-01 -5.200000e+00 -1.424982e-01
-3.888889e+00 -3.888889e+00 -5.555556e-01
-3.888889e+00 -2.777778e+00 -5.555556e-01
-3.888889e+00 -1.666667e+00 -5.555556e-01
-3.888889e+00 -5.555556e-01 -5.555556e-01
-3.888889e+00 5.555556e-01 -5.555556e-01
-3.888889e+00 1.666667e+00 -5.555556e-01
-3.888889e+00 2.777778e+00 -5.555556e-01
-3.888889e+00 3.888889e+00 -5.555556e-01
-9.974874e-01 5.200000e+00 -1.424982e-01
-9.902903e-01 -6.800000e+00 -1.980581e-01
-2.777778e+00 -3.888889e+00 -5.555556e-01
-2.777778e+00 -2.777778e+00 -5.555556e-01
-2.777778e+00 -1.666667e+00 -5.555556e-01
-2.777778e+00 -5.555556e-01 -5.555556e-01
-2.777778e+00 5.555556e-01 -5.555556e-01
-2.777778e+00 1.666667e+00 -5.555556e-01
-2.777778e+00 2.777778e+00 -5.555556e-01
-2.777778e+00 3.888889e+00 -5.555556e-01
-9.902903e-01 6.800000e+00 -1.980581e-01
-3.846050e+00 -7.000000e+00 -1.282017e+00
-1.666667e+00 -3.888889e+00 -5.555556e-01
-1.666667e+00 -2.777778e+00 -5.555556e-01
-1.666667e+00 -1.666667e+00 -5.555556e-01
-1.666667e+00 -5.555556e-01 -5.555556e-01
-1.666667e+00 5.555556e-01 -5.555556e-01
-1.666667e+00 1.666667e+00 -5.555556e-01
-1.666667e+00 2.777778e+00 -5.555556e-01
-1.666667e+00 3.888889e+00 -5.555556e-01
-3.846050e+00 7.000000e+00 -1.282017e+00
-2.828427e+00 -8.000000e+00 -2.828427e+00
-5.555556e-01 -3.888889e+00 -5.555556e-01
-5.555556e-01 -2.777778e+00 -5.555556e-01
-5.555556e-01 -1.666667e+00 -5.555556e-01
-5.555556e-01 -5.555556e-01 -5.555556e-01
-5.555556e-01 5.555556e-01 -5.555556e-01
-5.555556e-01 1.666667e+00 -5.555556e-01
-5.555556e-01 2.777778e+00 -5.555556e-01
-5.555556e-01 3.888889e+00 -5.555556e-01
-2.828427e+00 8.000000e+00 -2.828427e+00
2.828427e+00 -8.000000e+00 -2.828427e+00
5.555556e-01 -3.888889e+00 -5.555556e-01
5.555556e-01 -2.777778e+00 -5.555556e-01
5.555556e-01 -1.666667e+00 -5.555556e-01
5.555556e-01 -5.555556e-01 -5.555556e-01
5.555556e-01 5.555556e-01 -5.555556e-01
5.555556e-01 1.666667e+00 -5.555556e-01
5.555556e-01 2.777778e+00 -5.555556e-01
5.555556e-01 3.888889e+00 -5.555556e-01
2.828427e+00 8.000000e+00 -2.828427e+00
3.846050e+00 -7.000000e+00 -1.282017e+00
1.666667e+00 -3.888889e+00 -5.555556e-01
1.666667e+00 -2.777778e+00 -5.555556e-01
1.666667e+00 -1.666667e+00 -5.555556e-01
1.666667e+00 -5.555556e-01 -5.555556e-01
1.666667e+00 5.555556e-01 -5.555556e-01
1.666667e+00 1.666667e+00 -5.555556e-01
1.666667e+00 2.777778e+00 -5.555556e-01
1.666667e+00 3.888889e+00 -5.555556e-01
3.846050e+00 7.000000e+00 -1.282017e+00
9.902903e-01 -6.800000e+00 -1.980581e-01
2.777778e+00 -3.888889e+00 -5.555556e-01
2.777778e+00 -2.777778e+00 -5.555556e-01
2.777778e+00 -1.666667e+00 -5.555556e-01
2.777778e+00 -5.555556e-01 -5.555556e-01
2.777778e+00 5.555556e-01 -5.555556e-01
2.777778e+00 1.666667e+00 -5.555556e-01
2.777778e+00 2.777778e+00 -5.555556e-01
2.777778e+00 3.888889e+00 -5.555556e-01
9.902903e-01 6.800000e+00 -1.980581e-01
9.974874e-01 -5.200000e+00 -1.424982e-01
3.888889e+00 -3.888889e+00 -5.555556e-01
3.888889e+00 -2.777778e+00 -5.555556e-01
3.888889e+00 -1.666667e+00 -5.555556e-01
3.888889e+00 -5.555556e-01 -5.555556e-01
3.888889e+00 5.555556e-01 -5.555556e-01
3.888889e+00 1.666667e+00 -5.555556e-01
3.888889e+00 2.777778e+00 -5.555556e-01
3.888889e+00 3.888889e+00 -5.555556e-01
9.974874e-01 5.200000e+00 -1.424982e-01
5.000000e+00 -5.000000e+00 -5.555556e-01
4.800000e+00 -9.974874e-01 -1.424982e-01
3.200000e+00 -9.902903e-01 -1.980581e-01
3.000000e+00 -3.846050e+00 -1.282017e+00
2.000000e+00 -2.828427e+00 -2.828427e+00
2.000000e+00 2.828427e+00 -2.828427e+00
3.000000e+00 3.846050e+00 -1.282017e+00
3.200000e+00 9.902903e-01 -1.980581e-01
4.800000e+00 9.974874e-01 -1.424982e-01
5.000000e+00 5.000000e+00 -5.555556e-01
-5.000000e+00 -5.000000e+00 5.555556e-01
-4.800000e+00 -9.974874e-01 1.424982e-01
-3.200000e+00 -9.902903e-01 1.980581e-01
-3.000000e+00 -3.846050e+00 1.282017e+00
-2.000000e+00 -2.828427e+00 2.828427e+00
-2.000000e+00 2.828427e+00 2.828427e+00
-3.000000e+00 3.846050e+00 1.282017e+00
-3.200000e+00 9.902903e-01 1.980581e-01
-4.800000e+00 9.974874e-01 1.424982e-01
-5.000000e+00 5.000000e+00 5.555556e-01
-9.974874e-01 -5.200000e+00 1.424982e-01
-3.888889e+00 -3.888889e+00 5.555556e-01
-3.888889e+00 -2.777778e+00 5.555556e-01
-3.888889e+00 -1.666667e+00 5.555556e-01
-3.888889e+00 -5.555556e-01 5.555556e-01
-3.888889e+00 5.555556e-01 5.555556e-01
-3.888889e+00 1.666667e+00 5.555556e-01
-3.888889e+00 2.777778e+00 5.555556e-01
-3.888889e+00 3.888889e+00 5.555556e-01
-9.974874e-01 5.200000e+00 1.424982e-01
-9.902903e-01 -6.800000e+00 1.980581e-01
-2.777778e+00 -3.888889e+00 5.555556e-01
-2.777778e+00 -2.777778e+00 5.555556e-01
-2.777778e+00 -1.666667e+00 5.555556e-01
-2.777778e+00 -5.555556e-01 5.555556e-01
-2.777778e+00 5.555556e-01 5.555556e-01
-2.777778e+00 1.666667e+00 5.555556e-01
-2.777778e+00 2.777778e+00 5.555556e-01
-2.777778e+00 3.888889e+00 5.555556e-01
-9.902903e-01 6.800000e+00 1.980581e-01
-3.846050e+00 -7.000000e+00 1.282017e+00
-1.666667e+00 -3.888889e+00 5.555556e-01
-1.666667e+00 -2.777778e+00 5.555556e-01
-1.666667e+00 -1.666667e+00 5.555556e-01
-1.666667e+00 -5.555556e-01 5.555556e-01
-1.666667e+00 5.555556e-01 5.555556e-01
-1.666667e+00 1.666667e+00 5.555556e-01
-1.666667e+00 2.777778e+00 5.555556e-01
-1.666667e+00 3.888889e+00 5.555556e-01
-3.846050e+00 7.000000e+00 1.282017e+00
-2.828427e+00 -8.000000e+00 2.828427e+00
-5.555556e-01 -3.888889e+00 5.555556e-01
-5.555556e-01 -2.777778e+00 5.555556e-01
-5.555556e-01 -1.666667e+00 5.555556e-01
-5.555556e-01 -5.555556e-01 5.555556e-01
-5.555556e-01 5.555556e-01 5.555556e-01
-5.555556e-01 1.666667e+00 5.555556e-01
-5.555556e-01 2.777778e+00 5.555556e-01
-5.555556e-01 3.888889e+00 5.555556e-01
-2.828427e+00 8.000000e+00 2.828427e+00
2.828427e+00 -8.000000e+00 2.828427e+00
5.555556e-01 -3.888889e+00 5.555556e-01
5.555556e-01 -2.777778e+00 5.555556e-01
5.555556e-01 -1.666667e+00 5.555556e-01
5.555556e-01 -5.555556e-01 5.555556e-01
5.555556e-01 5.555556e-01 5.555556e-01
5.555556e-01 1.666667e+00 5.555556e-01
5.555556e-01 2.777778e+00 5.555556e-01
5.555556e-01 3.888889e+00 5.555556e-01
2.828427e+00 8.000000e+00 2.828427e+00
3.846050e+00 -7.000000e+00 1.282017e+00
1.666667e+00 -3.888889e+00 5.555556e-01
1.666667e+00 -2.777778e+00 5.555556e-01
1.666667e+00 -1.666667e+00 5.555556e-01
1.666667e+00 -5.555556e-01 5.555556e-01
1.666667e+00 5.555556e-01 5.555556e-01
1.666667e+00 1.666667e+00 5.555556e-01
1.666667e+00 2.777778e+00 5.555556e-01
1.666667e+00 3.888889e+00 5.555556e-01
3.846050e+00 7.000000e+00 1.282017e+00
9.902903e-01 -6.800000e+00 1.980581e-01
2.777778e+00 -3.888889e+00 5.555556e-01
2.777778e+00 -2.777778e+00 5.555556e-01
2.777778e+00 -1.666667e+00 5.555556e-01
2.777778e+00 -5.555556e-01 5.555556e-01
2.777778e+00 5.555556e-01 5.555556e-01
2.777778e+00 1.666667e+00 5.555556e-01
2.777778e+00 2.777778e+00 5.555556e-01
2.777778e+00 3.888889e+00 5.555556e-01
9.902903e-01 6.800000e+00 1.980581e-01
9.974874e-01 -5.200000e+00 1.424982e-01
3.888889e+00 -3.888889e+00 5.555556e-01
3.888889e+00 -2.777778e+00 5.555556e-01
3.888889e+00 -1.666667e+00 5.555556e-01
3.888889e+00 -5.555556e-01 5.555556e-01
3.888889e+00 5.555556e-01 5.555556e-01
3.888889e+00 1.666667e+00 5.555556e-01
3.888889e+00 2.777778e+00 5.555556e-01
3.888889e+00 3.888889e+00 5.555556e-01
9.974874e-01 5.200000e+00 1.424982e-01
5.000000e+00 -5.000000e+00 5.555556e-01
4.800000e+00 -9.974874e-01 1.424982e-01
3.200000e+00 -9.902903e-01 1.980581e-01
3.000000e+00 -3.846050e+00 1.282017e+00
2.000000e+00 -2.828427e+00 2.828427e+00
2.000000e+00 2.828427e+00 2.828427e+00
3.000000e+00 3.846050e+00 1.282017e+00
3.200000e+00 9.902903e-01 1.980581e-01
4.800000e+00 9.974874e-01 1.424982e-01
5.000000e+00 5.000000e+00 5.555556e-01
-5.000000e+00 -5.000000e+00 1.666667e+00
-4.800000e+00 -9.797863e-01 4.199084e-01
-3.200000e+00 -9.287465e-01 5.572479e-01
-3.000000e+00 -3.121320e+00 3.121320e+00
-3.000000e+00 -1.282017e+00 3.846050e+00
-3.000000e+00 1.282017e+00 3.846050e+00
-3.000000e+00 3.121320e+00 3.121320e+00
-3.200000e+00 9.287465e-01 5.572479e-01
-4.800000e+00 9.797863e-01 4.199084e-01
-5.000000e+00 5.000000e+00 1.666667e+00
-9.797863e-01 -5.200000e+00 4.199084e-01
-3.888889e+00 -3.888889e+00 1.666667e+00
-3.888889e+00 -2.777778e+00 1.666667e+00
-3.888889e+00 -1.666667e+00 1.666667e+00
-3.888889e+00 -5.555556e-01 1.666667e+00
-3.888889e+00 5.555556e-01 1.666667e+00
-3.888889e+00 1.666667e+00 1.666667e+00
-3.888889e+00 2.777778e+00 1.666667e+00
-3.888889e+00 3.888889e+00 1.666667e+00
-9.797863e-01 5.200000e+00 4.199084e-01
-9.287465e-01 -6.800000e+00 5.572479e-01
-2.777778e+00 -3.888889e+00 1.666667e+00
-2.777778e+00 -2.777778e+00 1.666667e+00
-2.777778e+00 -1.666667e+00 1.666667e+00
-2.777778e+00 -5.555556e-01 1.666667e+00
-2.777778e+00 5.555556e-01 1.666667e+00
-2.777778e+00 1.666667e+00 1.666667e+00
-2.777778e+00 2.777778e+00 1.666667e+00
-2.777778e+00 3.888889e+00 1.666667e+00
-9.287465e-01 6.800000e+00 5.572479e-01
-3.121320e+00 -7.000000e+00 3.121320e+00
-1.666667e+00 -3.888889e+00 1.666667e+00
-1.666667e+00 -2.777778e+00 1.666667e+00
-1.666667e+00 -1.666667e+00 1.666667e+00
-1.666667e+00 -5.555556e-01 1.666667e+00
-1.666667e+00 5.555556e-01 1.666667e+00
-1.666667e+00 1.666667e+00 1.666667e+00
-1.666667e+00 2.777778e+00 1.666667e+00
-1.666667e+00 3.888889e+00 1.666667e+00
-3.121320e+00 7.000000e+00 3.121320e+00
-1.282017e+00 -7.000000e+00 3.846050e+00
-5.555556e-01 -3.888889e+00 1.666667e+00
-5.555556e-01 -2.777778e+00 1.666667e+00
-5.555556e-01 -1.666667e+00 1.666667e+00
-5.555556e-01 -5.555556e-01 1.666667e+00
-5.555556e-01 5.555556e-01 1.666667e+00
-5.555556e-01 1.666667e+00 1.666667e+00
-5.555556e-01 2.777778e+00 1.666667e+00
-5.555556e-01 3.888889e+00 1.666667e+00
-1.282017e+00 7.000000e+00 3.846050e+00
1.282017e+00 -7.000000e+00 3.846050e+00
5.555556e-01 -3.888889e+00 1.666667e+00
5.555556e-01 -2.777778e+00 1.666667e+00
5.555556e-01 -1.666667e+00 1.666667e+00
5.555556e-01 -5.555556e-01 1.666667e+00
5.555556e-01 5.555556e-01 1.666667e+00
5.555556e-01 1.666667e+00 1.666667e+00
5.555556e-01 2.777778e+00 1.666667e+00
5.555556e-01 3.888889e+00 1.666667e+00
1.282017e+00 7.000000e+00 3.846050e+00
3.121320e+00 -7.000000e+00 3.121320e+00
1.666667e+00 -3.888889e+00 1.666667e+00
1.666667e+00 -2.777778e+00 1.666667e+00
1.666667e+00 -1.666667e+00 1.666667e+00
1.666667e+00 -5.555556e-01 1.666667e+00
1.666667e+00 5.555556e-01 1.666667e+00
1.666667e+00 1.666667e+00 1.666667e+00
1.666667e+00 2.777778e+00 1.666667e+00
1.666667e+00 3.888889e+00 1.666667e+00
3.121320e+00 7.000000e+00 3.121320e+00
9.287465e-01 -6.800000e+00 5.572479e-01
2.777778e+00 -3.888889e+00 1.666667e+00
2.777778e+00 -2.777778e+00 1.666667e+00
2.777778e+00 -1.666667e+00 1.666667e+00
2.777778e+00 -5.555556e-01 1.666667e+00
2.777778e+00 5.555556e-01 1.666667e+00
2.777778e+00 1.666667e+00 1.666667e+00
2.777778e+00 2.777778e+00 1.666667e+00
2.777778e+00 3.888889e+00 1.666667e+00
9.287465e-01 6.800000e+00 5.572479e-01
9.797863e-01 -5.200000e+00 4.199084e-01
3.888889e+00 -3.888889e+00 1.666667e+00
3.888889e+00 -2.777778e+00 1.666667e+00
3.888889e+00 -1.666667e+00 1.666667e+00
3.888889e+00 -5.555556e-01 1.666667e+00
3.888889e+00 5.555556e-01 1.666667e+00
3.888889e+00 1.666667e+00 1.666667e+00
3.888889e+00 2.777778e+00 1.666667e+00
3.888889e+00 3.888889e+00 1.666667e+00
9.797863e-01 5.200000e+00 4.199084e-01
5.000000e+00 -5.000000e+00 1.666667e+00
4.800000e+00 -9.797863e-01 4.199084e-01
3.200000e+00 -9.287465e-01 5.572479e-01
3.000000e+00 -3.121320e+00 3.121320e+00
3.000000e+00 -1.282017e+00 3.846050e+00
3.000000e+00 1.282017e+00 3.846050e+00
3.000000e+00 3.121320e+00 3.121320e+00
3.200000e+00 9.287465e-01 5.572479e-01
4.800000e+00 9.797863e-01 4.199084e-01
5.000000e+00 5.000000e+00 1.666667e+00
-5.000000e+00 -5.000000e+00 2.777778e+00
-4.800000e+00 -9.534334e-01 6.810238e-01
-3.200000e+00 -8.535534e-01 8.535534e-01
-3.200000e+00 -5.572479e-01 9.287465e-01
-3.200000e+00 -1.980581e-01 9.902903e-01
-3.200000e+00 1.980581e-01 9.902903e-01
-3.200000e+00 5.572479e-01 9.287465e-01
-3.200000e+00 8.535534e-01 8.535534e-01
-4.800000e+00 9.534334e-01 6.810238e-01
-5.000000e+00 5.000000e+00 2.777778e+00
-9.534334e-01 -5.200000e+00 6.810238e-01
-3.888889e+00 -3.888889e+00 2.777778e+00
-3.888889e+00 -2.777778e+00 2.777778e+00
-3.888889e+00 -1.666667e+00 2.777778e+00
-3.888889e+00 -5.555556e-01 2.777778e+00
-3.888889e+00 5.555556e-01 2.777778e+00
-3.888889e+00 1.666667e+00 2.777778e+00
-3.888889e+00 2.777778e+00 2.777778e+00
-3.888889e+00 3.888889e+00 2.777778e+00
-9.534334e-01 5.200000e+00 6.810238e-01
-8.535534e-01 -6.800000e+00 8.535534e-01
-2.777778e+00 -3.888889e+00 2.777778e+00
-2.777778e+00 -2.777778e+00 2.777778e+00
-2.777778e+00 -1.666667e+00 2.777778e+00
-2.777778e+00 -5.555556e-01 2.777778e+00
-2.777778e+00 5.555556e-01 2.777778e+00
-2.777778e+00 1.666667e+00 2.777778e+00
-2.777778e+00 2.777778e+00 2.777778e+00
-2.777778e+00 3.888889e+00 2.777778e+00
-8.535534e-01 6.800000e+00 8.535534e-01
-5.572479e-01 -6.800000e+00 9.287465e-01
-1.666667e+00 -3.888889e+00 2.777778e+00
-1.666667e+00 -2.777778e+00 2.777778e+00
-1.666667e+00 -1.666667e+00 2.777778e+00
-1.666667e+00 -5.555556e-01 2.777778e+00
-1.666667e+00 5.555556e-01 2.777778e+00
-1.666667e+00 1.666667e+00 2.777778e+00
-1.666667e+00 2.777778e+00 2.777778e+00
-1.666667e+00 3.888889e+00 2.777778e+00
-5.572479e-01 6.800000e+00 9.287465e-01
-1.980581e-01 -6.800000e+00 9.902903e-01
-5.555556e-01 -3.888889e+00 2.777778e+00
-5.555556e-01 -2.777778e+00 2.777778e+00
-5.555556e-01 -1.666667e+00 2.777778e+00
-5.555556e-01 -5.555556e-01 2.777778e+00
-5.555556e-01 5.555556e-01 2.777778e+00
-5.555556e-01 1.666667e+00 2.777778e+00
-5.555556e-01 2.777778e+00 2.777778e+00
-5.555556e-01 3.888889e+00 2.777778e+00
-1.980581e-01 6.800000e+00 9.902903e-01
1.980581e-01 -6.800000e+00 9.902903e-01
5.555556e-01 -3.888889e+00 2.777778e+00
5.555556e-01 -2.777778e+00 2.777778e+00
5.555556e-01 -1.666667e+00 2.777778e+00
5.555556e-01 -5.555556e-01 2.777778e+00
5.555556e-01 5.555556e-01 2.777778e+00
5.555556e-01 1.666667e+00 2.777778e+00
5.555556e-01 2.777778e+00 2.777778e+00
5.555556e-01 3.888889e+00 2.777778e+00
1.980581e-01 6.800000e+00 9.902903e-01
5.572479e-01 -6.800000e+00 9.287465e-01
1.666667e+00 -3.888889e+00 2.777778e+00
1.666667e+00 -2.777778e+00 2.777778e+00
1.666667e+00 -1.666667e+00 2.777778e+00
1.666667e+00 -5.555556e-01 2.777778e+00
1.666667e+00 5.555556e-01 2.777778e+00
1.666667e+00 1.666667e+00 2.777778e+00
1.666667e+00 2.777778e+00 2.777778e+00
1.666667e+00 3.888889e+00 2.777778e+00
5.572479e-01 6.800000e+00 9.287465e-01
8.535534e-01 -6.800000e+00 8.535534e-01
2.777778e+00 -3.888889e+00 2.777778e+00
2.777778e+00 -2.777778e+00 2.777778e+00
2.777778e+00 -1.666667e+00 2.777778e+00
2.777778e+00 -5.555556e-01 2.777778e+00
2.777778e+00 5.555556e-01 2.777778e+00
2.777778e+00 1.666667e+00 2.777778e+00
2.777778e+00 2.777778e+00 2.777778e+00
2.777778e+00 3.888889e+00 2.777778e+00
8.535534e-01 6.800000e+00 8.535534e-01
9.534334e-01 -5.200000e+00 6.810238e-01
3.888889e+00 -3.888889e+00 2.777778e+00
3.888889e+00 -2.777778e+00 2.777778e+00
3.888889e+00 -1.666667e+00 2.777778e+00
3.888889e+00 -5.555556e-01 2.777778e+00
3.888889e+00 5.555556e-01 2.777778e+00
3.888889e+00 1.666667e+00 2.777778e+00
3.888889e+00 2.777778e+00 2.777778e+00
3.888889e+00 3.888889e+00 2.777778e+00
9.534334e-01 5.200000e+00 6.810238e-01
5.000000e+00 -5.000000e+00 2.777778e+00
4.800000e+00 -9.534334e-01 6.810238e-01
3.200000e+00 -8.535534e-01 8.535534e-01
3.200000e+00 -5.572479e-01 9.287465e-01
3.200000e+00 -1.980581e-01 9.902903e-01
3.200000e+00 1.980581e-01 9.902903e-01
3.200000e+00 5.572479e-01 9.287465e-01
3.200000e+00 8.535534e-01 8.535534e-01
4.800000e+00 9.534334e-01 6.810238e-01
5.000000e+00 5.000000e+00 2.777778e+00
-5.000000e+00 -5.000000e+00 3.888889e+00
-4.800000e+00 -9.267767e-01 9.267767e-01
-4.800000e+00 -6.810238e-01 9.534334e-01
-4.800000e+00 -4.199084e-01 9.797863e-01
-4.800000e+00 -1.424982e-01 9.974874e-01
-4.800000e+00 1.424982e-01 9.974874e-01
-4.800000e+00 4.199084e-01 9.797863e-01
-4.800000e+00 6.810238e-01 9.534334e-01
-4.800000e+00 9.267767e-01 9.267767e-01
-5.000000e+00 5.000000e+00 3.888889e+00
-9.267767e-01 -5.200000e+00 9.267767e-01
-3.888889e+00 -3.888889e+00 3.888889e+00
-3.888889e+00 -2.777778e+00 3.888889e+00
-3.888889e+00 -1.666667e+00 3.888889e+00
-3.888889e+00 -5.555556e-01 3.888889e+00
-3.888889e+00 5.555556e-01 3.888889e+00
-3.888889e+00 1.666667e+00 3.888889e+00
-3.888889e+00 2.777778e+00 3.888889e+00
-3.888889e+00 3.888889e+00 3.888889e+00
-9.267767e-01 5.200000e+00 9.267767e-01
-6.810238e-01 -5.200000e+00 9.534334e-01
-2.777778e+00 -3.888889e+00 3.888889e+00
-2.777778e+00 -2.777778e+00 3.888889e+00
-2.777778e+00 -1.666667e+00 3.888889e+00
-2.777778e+00 -5.555556e-01 3.888889e+00
-2.777778e+00 5.555556e-01 3.888889e+00
-2.777778e+00 1.666667e+00 3.888889e+00
-2.777778e+00 2.777778e+00 3.888889e+00
-2.777778e+00 3.888889e+00 3.888889e+00
-6.810238e-01 5.200000e+00 9.534334e-01
-4.199084e-01 -5.200000e+00 9.797863e-01
-1.666667e+00 -3.888889e+00 3.888889e+00
-1.666667e+00 -2.777778e+00 3.888889e+00
-1.666667e+00 -1.666667e+00 3.888889e+00
-1.666667e+00 -5.555556e-01 3.888889e+00
-1.666667e+00 5.555556e-01 3.888889e+00
-1.666667e+00 1.666667e+00 3.888889e+00
-1.666667e+00 2.777778e+00 3.888889e+00
-1.666667e+00 3.888889e+00 3.888889e+00
-4.199084e-01 5.200000e+00 9.797863e-01
-1.424982e-01 -5.200000e+00 9.974874e-01
-5.555556e-01 -3.888889e+00 3.888889e+00
-5.555556e-01 -2.777778e+00 3.888889e+00
-5.555556e-01 -1.666667e+00 3.888889e+00
-5.555556e-01 -5.555556e-01 3.888889e+00
-5.555556e-01 5.555556e-01 3.888889e+00
-5.555556e-01 1.666667e+00 3.888889e+00
-5.555556e-01 2.777778e+00 3.888889e+00
-5.555556e-01 3.888889e+00 3.888889e+00
-1.424982e-01 5.200000e+00 9.974874e-01
1.424982e-01 -5.200000e+00 9.974874e-01
5.555556e-01 -3.888889e+00 3.888889e+00
5.555556e-01 -2.777778e+00 3.888889e+00
5.555556e-01 -1.666667e+00 3.888889e+00
5.555556e-01 -5.555556e-01 3.888889e+00
5.555556e-01 5.555556e-01 3.888889e+00
5.555556e-01 1.666667e+00 3.888889e+00
5.555556e-01 2.777778e+00 3.888889e+00
5.555556e-01 3.888889e+00 3.888889e+00
1.424982e-01 5.200000e+00 9.974874e-01
4.199084e-01 -5.200000e+00 9.797863e-01
1.666667e+00 -3.888889e+00 3.888889e+00
1.666667e+00 -2.777778e+00 3.888889e+00
1.666667e+00 -1.666667e+00 3.888889e+00
1.666667e+00 -5.555556e-01 3.888889e+00
1.666667e+00 5.555556e-01 3.888889e+00
1.666667e+00 1.666667e+00 3.888889e+00
1.666667e+00 2.777778e+00 3.888889e+00
1.666667e+00 3.888889e+00 3.888889e+00
4.199084e-01 5.200000e+00 9.797863e-01
6.810238e-01 -5.200000e+00 9.534334e-01
2.777778e+00 -3.888889e+00 3.888889e+00
2.777778e+00 -2.777778e+00 3.888889e+00
2.777778e+00 -1.666667e+00 3.888889e+00
2.777778e+00 -5.555556e-01 3.888889e+00
2.777778e+00 5.555556e-01 3.888889e+00
2.777778e+00 1.666667e+00 3.888889e+00
2.777778e+00 2.777778e+00 3.888889e+00
2.777778e+00 3.888889e+00 3.888889e+00
6.810238e-01 5.200000e+00 9.534334e-01
9.267767e-01 -5.200000e+00 9.267767e-01
3.888889e+00 -3.888889e+00 3.888889e+00
3.888889e+00 -2.777778e+00 3.888889e+00
3.888889e+00 -1.666667e+00 3.888889e+00
3.888889e+00 -5.555556e-01 3.888889e+00
3.888889e+00 5.555556e-01 3.888889e+00
3.888889e+00 1.666667e+00 3.888889e+00
3.888889e+00 2.777778e+00 3.888889e+00
3.888889e+00 3.888889e+00 3.888889e+00
9.267767e-01 5.200000e+00 9.267767e-01
5.000000e+00 -5.000000e+00 3.888889e+00
4.800000e+00 -9.267767e-01 9.267767e-01
4.800000e+00 -6.810238e-01 9.534334e-01
4.800000e+00 -4.199084e-01 9.797863e-01
4.800000e+00 -1.424982e-01 9.974874e-01
4.800000e+00 1.424982e-01 9.974874e-01
4.800000e+00 4.199084e-01 9.797863e-01
4.800000e+00 6.810238e-01 9.534334e-01
4.800000e+00 9.267767e-01 9.267767e-01
5.000000e+00 5.000000e+00 3.888889e+00
-5.000000e+00 -5.000000e+00 5.000000e+00
-5.000000e+00 -3.888889e+00 5.000000e+00
-5.000000e+00 -2.777778e+00 5.000000e+00
-5.000000e+00 -1.666667e+00 5.000000e+00
-5.000000e+00 -5.555556e-01 5.000000e+00
-5.000000e+00 5.555556e-01 5.000000e+00
-5.000000e+00 1.666667e+00 5.000000e+00
-5.000000e+00 2.777778e+00 5.000000e+00
-5.000000e+00 3.888889e+00 5.000000e+00
-5.000000e+00 5.000000e+00 5.000000e+00
-3.888889e+00 -5.000000e+00 5.000000e+00
-9.267767e-01 -9.267767e-01 5.200000e+00
-9.534334e-01 -6.810238e-01 5.200000e+00
-9.797863e-01 -4.199084e-01 5.200000e+00
-9.974874e-01 -1.424982e-01 5.200000e+00
-9.974874e-01 1.424982e-01 5.200000e+00
-9.797863e-01 4.199084e-01 5.200000e+00
-9.534334e-01 6.810238e-01 5.200000e+00
-9.267767e-01 9.267767e-01 5.200000e+00
-3.888889e+00 5.000000e+00 5.000000e+00
-2.777778e+00 -5.000000e+00 5.000000e+00
-6.810238e-01 -9.534334e-01 5.200000e+00
-8.535534e-01 -8.535534e-01 6.800000e+00
-9.287465e-01 -5.572479e-01 6.800000e+00
-9.902903e-01 -1.980581e-01 6.800000e+00
-9.902903e-01 1.980581e-01 6.800000e+00
-9.287465e-01 5.572479e-01 6.800000e+00
-8.535534e-01 8.535534e-01 6.800000e+00
-6.810238e-01 9.534334e-01 5.200000e+00
-2.777778e+00 5.000000e+00 5.000000e+00
-1.666667e+00 -5.000000e+00 5.000000e+00
-4.199084e-01 -9.797863e-01 5.200000e+00
-5.572479e-01 -9.287465e-01 6.800000e+00
-3.121320e+00 -3.121320e+00 7.000000e+00
-3.846050e+00 -1.282017e+00 7.000000e+00
-3.846050e+00 1.282017e+00 7.000000e+00
-3.121320e+00 3.121320e+00 7.000000e+00
-5.572479e-01 9.287465e-01 6.800000e+00
-4.199084e-01 9.797863e-01 5.200000e+00
-1.666667e+00 5.000000e+00 5.000000e+00
-5.555556e-01 -5.000000e+00 5.000000e+00
-1.424982e-01 -9.974874e-01 5.200000e+00
-1.980581e-01 -9.902903e-01 6.800000e+00
-1.282017e+00 -3.846050e+00 7.000000e+00
-2.828427e+00 -2.828427e+00 8.000000e+00
-2.828427e+00 2.828427e+00 8.000000e+00
-1.282017e+00 3.846050e+00 7.000000e+00
-1.980581e-01 9.902903e-01 6.800000e+00
-1.424982e-01 9.974874e-01 5.200000e+00
-5.555556e-01 5.000000e+00 5.000000e+00
5.555556e-01 -5.000000e+00 5.000000e+00
1.424982e-01 -9.974874e-01 5.200000e+00
1.980581e-01 -9.902903e-01 6.800000e+00
1.282017e+00 -3.846050e+00 7.000000e+00
2.828427e+00 -2.828427e+00 8.000000e+00
2.828427e+00 2.828427e+00 8.000000e+00
1.282017e+00 3.846050e+00 7.000000e+00
1.980581e-01 9.902903e-01 6.800000e+00
1.424982e-01 9.974874e-01 5.200000e+00
5.555556e-01 5.000000e+00 5.000000e+00
1.666667e+00 -5.000000e+00 5.000000e+00
4.199084e-01 -9.797863e-01 5.200000e+00
5.572479e-01 -9.287465e-01 6.800000e+00
3.121320e+00 -3.121320e+00 7.000000e+00
3.846050e+00 -1.282017e+00 7.000000e+00
3.846050e+00 1.282017e+00 7.000000e+00
3.121320e+00 3.121320e+00 7.000000e+00
5.572479e-01 9.287465e-01 6.800000e+00
4.199084e-01 9.797863e-01 5.200000e+00
1.666667e+00 5.000000e+00 5.000000e+00
2.777778e+00 -5.000000e+00 5.000000e+00
6.810238e-01 -9.534334e-01 5.200000e+00
8.535534e-01 -8.535534e-01 6.800000e+00
9.287465e-01 -5.572479e-01 6.800000e+00
9.902903e-01 -1.980581e-01 6.800000e+00
9.902903e-01 1.980581e-01 6.800000e+00
9.287465e-01 5.572479e-01 6.800000e+00
8.535534e-01 8.535534e-01 6.800000e+00
6.810238e-01 9.534334e-01 5.200000e+00
2.777778e+00 5.000000e+00 5.000000e+00
3.888889e+00 -5.000000e+00 5.000000e+00
9.267767e-01 -9.267767e-01 5.200000e+00
9.534334e-01 -6.810238e-01 5.200000e+00
9.797863e-01 -4.199084e-01 5.200000e+00
9.974874e-01 -1.424982e-01 5.200000e+00
9.974874e-01 1.424982e-01 5.200000e+00
9.797863e-01 4.199084e-01 5.200000e+00
9.534334e-01 6.810238e-01 5.200000e+00
9.267767e-01 9.267767e-01 5.200000e+00
3.888889e+00 5.000000e+00 5.000000e+00
5.000000e+00 -5.000000e+00 5.000000e+00
5.000000e+00 -3.888889e+00 5.000000e+00
5.000000e+00 -2.777778e+00 5.000000e+00
5.000000e+00 -1.666667e+00 5.000000e+00
5.000000e+00 -5.555556e-01 5.000000e+00
5.000000e+00 5.555556e-01 5.000000e+00
5.000000e+00 1.666667e+00 5.000000e+00
5.000000e+00 2.777778e+00 5.000000e+00
5.000000e+00 3.888889e+00 5.000000e+00
5.000000e+00 5.000000e+00 5.000000e+00
