0.000000000000000000e+00 0.000000000000000000e+00
0.000000000000000000e+00 2.999999999999999556e+00
-1.000000000000000000e+00 4.000000000000000000e+00
-1.500000000000000000e+00 3.000000000000000000e+00
-3.000000000000000000e+00 4.000000000000000000e+00
-3.000000000000000000e+00 6.000000000000000000e+00
-1.500000000000000000e+00 7.000000000000000000e+00
-1.000000000000000000e+00 6.000000000000000000e+00
0.000000000000000000e+00 7.000000000000000000e+00
0.000000000000000000e+00 1.000000000000000000e+01
2.999999999999999556e+00 0.000000000000000000e+00
1.040641024498770717e+00 1.714525475070418414e+00
-6.498478144546875335e-01 4.632585190447442436e+00
-1.868305995049515333e+00 4.734718607028900017e+00
-2.778628837330824997e+00 4.839039789656822244e+00
-2.778628837332006718e+00 5.160960210339998966e+00
-1.868305995044379220e+00 5.265281392967440688e+00
-6.498478144531585343e-01 5.367414809553986643e+00
1.040641024497432454e+00 8.285474524928355677e+00
2.999999999999999556e+00 1.000000000000000000e+01
4.000000000000000000e+00 1.000000000000000000e+00
1.037184186672597486e+00 1.658722762271769513e+00
2.507692777928465233e+00 4.079604614023478959e+00
1.739383361683553897e+00 4.612153049231769941e+00
1.444995162279663070e+00 4.894980160029763105e+00
1.444995162282536549e+00 5.105019839971904005e+00
1.739383361685430396e+00 5.387846950772329002e+00
2.507692777908792969e+00 5.920395385977438529e+00
1.037184186676869624e+00 8.341277237730784222e+00
4.000000000000000000e+00 9.000000000000000000e+00
3.000000000000000000e+00 1.500000000000000000e+00
2.390057253843368645e+00 1.889752641908295505e+00
2.529091256447973279e+00 2.586527617809012192e+00
3.317253653106079447e+00 3.871857740770204170e+00
3.097203138059291927e+00 4.658403017932213785e+00
3.097203138150801838e+00 5.341596982130945470e+00
3.317253653085124654e+00 6.128142259246173396e+00
2.529091256433475099e+00 7.413472382209160827e+00
2.390057253849065422e+00 8.110247358094106573e+00
3.000000000000000000e+00 8.500000000000000000e+00
4.000000000000000000e+00 3.000000000000000000e+00
3.982336772190538277e+00 3.221371162668760668e+00
4.031790159012529351e+00 3.622461438238369968e+00
4.248026941431811920e+00 4.097802471528496859e+00
4.285978234926085761e+00 4.720870759354999890e+00
4.285978234981499213e+00 5.279129240649128363e+00
4.248026941470268270e+00 5.902197528470656707e+00
4.031790159015250730e+00 6.377538561761130431e+00
3.982336772189376983e+00 6.778628837331608814e+00
4.000000000000000000e+00 7.000000000000000000e+00
6.000000000000000000e+00 3.000000000000000000e+00
6.017663227810446713e+00 3.221371162668393850e+00
5.968209840982366288e+00 3.622461438239369169e+00
5.751973058530181149e+00 4.097802471530520130e+00
5.714021765033276523e+00 4.720870759347130630e+00
5.714021765058984847e+00 5.279129240641176501e+00
5.751973058566663966e+00 5.902197528472337140e+00
5.968209840989088910e+00 6.377538561761832092e+00
6.017663227809593174e+00 6.778628837331223345e+00
6.000000000000000000e+00 7.000000000000000000e+00
7.000000000000000000e+00 1.500000000000000000e+00
7.609942746152126070e+00 1.889752641906416786e+00
7.470908743561417431e+00 2.586527617797448553e+00
6.682746346908831292e+00 3.871857740758061883e+00
6.902796861864380240e+00 4.658403017879281016e+00
6.902796861926084659e+00 5.341596982077741806e+00
6.682746346898964518e+00 6.128142259232867595e+00
7.470908743555660259e+00 7.413472382195902100e+00
7.609942746155685889e+00 8.110247358092188108e+00
7.000000000000000000e+00 8.500000000000000000e+00
6.000000000000000000e+00 1.000000000000000000e+00
8.962815813323297576e+00 1.658722762269323914e+00
7.492307222086195040e+00 4.079604614020896136e+00
8.260616638317079818e+00 4.612153049227874391e+00
8.555004837718998445e+00 4.894980160027786020e+00
8.555004837720309396e+00 5.105019839969946460e+00
8.260616638315489979e+00 5.387846950768399701e+00
7.492307222075798911e+00 5.920395385975520952e+00
8.962815813327333458e+00 8.341277237728231597e+00
6.000000000000000000e+00 9.000000000000000000e+00
7.000000000000000000e+00 0.000000000000000000e+00
8.959358975502215827e+00 1.714525475071136729e+00
1.064984781445338058e+01 4.632585190446344647e+00
1.186830599504529360e+01 4.734718607031778603e+00
1.277862883733192767e+01 4.839039789659748791e+00
1.277862883733092580e+01 5.160960210342930843e+00
1.186830599504866512e+01 5.265281392970518226e+00
1.064984781445451389e+01 5.367414809552812471e+00
8.959358975501642064e+00 8.285474524929114182e+00
7.000000000000000000e+00 1.000000000000000000e+01
1.000000000000000000e+01 0.000000000000000000e+00
1.000000000000000000e+01 2.999999999999999556e+00
1.100000000000000000e+01 4.000000000000000000e+00
1.150000000000000000e+01 3.000000000000000000e+00
1.300000000000000000e+01 4.000000000000000000e+00
1.300000000000000000e+01 6.000000000000000000e+00
1.150000000000000000e+01 7.000000000000000000e+00
1.100000000000000000e+01 6.000000000000000000e+00
1.000000000000000000e+01 7.000000000000000000e+00
1.000000000000000000e+01 1.000000000000000000e+01
