-5.000000e+00 -5.000000e+00 -5.000000e+00
-5.000000e+00 -3.888889e+00 -5.000000e+00
-5.000000e+00 -2.777778e+00 -5.000000e+00
-5.000000e+00 -1.666667e+00 -5.000000e+00
-5.000000e+00 -5.555556e-01 -5.000000e+00
-5.000000e+00 5.555556e-01 -5.000000e+00
-5.000000e+00 1.666667e+00 -5.000000e+00
-5.000000e+00 2.777778e+00 -5.000000e+00
-5.000000e+00 3.888889e+00 -5.000000e+00
-5.000000e+00 5.000000e+00 -5.000000e+00
-3.888889e+00 -5.000000e+00 -5.000000e+00
-1.390165e+00 -1.390165e+00 -5.500000e+00
-1.430150e+00 -1.021536e+00 -5.500000e+00
-1.469679e+00 -6.298626e-01 -5.500000e+00
-1.496231e+00 -2.137473e-01 -5.500000e+00
-1.496231e+00 2.137473e-01 -5.500000e+00
-1.469679e+00 6.298626e-01 -5.500000e+00
-1.430150e+00 1.021536e+00 -5.500000e+00
-1.390165e+00 1.390165e+00 -5.500000e+00
-3.888889e+00 5.000000e+00 -5.000000e+00
-2.777778e+00 -5.000000e+00 -5.000000e+00
-1.021536e+00 -1.430150e+00 -5.500000e+00
-1.280330e+00 -1.280330e+00 -6.500000e+00
-1.393120e+00 -8.358718e-01 -6.500000e+00
-1.485436e+00 -2.970871e-01 -6.500000e+00
-1.485436e+00 2.970871e-01 -6.500000e+00
-1.393120e+00 8.358718e-01 -6.500000e+00
-1.280330e+00 1.280330e+00 -6.500000e+00
-1.021536e+00 1.430150e+00 -5.500000e+00
-2.777778e+00 5.000000e+00 -5.000000e+00
-1.666667e+00 -5.000000e+00 -5.000000e+00
-6.298626e-01 -1.469679e+00 -5.500000e+00
-8.358718e-01 -1.393120e+00 -6.500000e+00
-3.121320e+00 -3.121320e+00 -7.000000e+00
-3.846050e+00 -1.282017e+00 -7.000000e+00
-3.846050e+00 1.282017e+00 -7.000000e+00
-3.121320e+00 3.121320e+00 -7.000000e+00
-8.358718e-01 1.393120e+00 -6.500000e+00
-6.298626e-01 1.469679e+00 -5.500000e+00
-1.666667e+00 5.000000e+00 -5.000000e+00
-5.555556e-01 -5.000000e+00 -5.000000e+00
-2.137473e-01 -1.496231e+00 -5.500000e+00
-2.970871e-01 -1.485436e+00 -6.500000e+00
-1.282017e+00 -3.846050e+00 -7.000000e+00
-2.828427e+00 -2.828427e+00 -8.000000e+00
-2.828427e+00 2.828427e+00 -8.000000e+00
-1.282017e+00 3.846050e+00 -7.000000e+00
-2.970871e-01 1.485436e+00 -6.500000e+00
-2.137473e-01 1.496231e+00 -5.500000e+00
-5.555556e-01 5.000000e+00 -5.000000e+00
5.555556e-01 -5.000000e+00 -5.000000e+00
2.137473e-01 -1.496231e+00 -5.500000e+00
2.970871e-01 -1.485436e+00 -6.500000e+00
1.282017e+00 -3.846050e+00 -7.000000e+00
2.828427e+00 -2.828427e+00 -8.000000e+00
2.828427e+00 2.828427e+00 -8.000000e+00
1.282017e+00 3.846050e+00 -7.000000e+00
2.970871e-01 1.485436e+00 -6.500000e+00
2.137473e-01 1.496231e+00 -5.500000e+00
5.555556e-01 5.000000e+00 -5.000000e+00
1.666667e+00 -5.000000e+00 -5.000000e+00
6.298626e-01 -1.469679e+00 -5.500000e+00
8.358718e-01 -1.393120e+00 -6.500000e+00
3.121320e+00 -3.121320e+00 -7.000000e+00
3.846050e+00 -1.282017e+00 -7.000000e+00
3.846050e+00 1.282017e+00 -7.000000e+00
3.121320e+00 3.121320e+00 -7.000000e+00
8.358718e-01 1.393120e+00 -6.500000e+00
6.298626e-01 1.469679e+00 -5.500000e+00
1.666667e+00 5.000000e+00 -5.000000e+00
2.777778e+00 -5.000000e+00 -5.000000e+00
1.021536e+00 -1.430150e+00 -5.500000e+00
1.280330e+00 -1.280330e+00 -6.500000e+00
1.393120e+00 -8.358718e-01 -6.500000e+00
1.485436e+00 -2.970871e-01 -6.500000e+00
1.485436e+00 2.970871e-01 -6.500000e+00
1.393120e+00 8.358718e-01 -6.500000e+00
1.280330e+00 1.280330e+00 -6.500000e+00
1.021536e+00 1.430150e+00 -5.500000e+00
2.777778e+00 5.000000e+00 -5.000000e+00
3.888889e+00 -5.000000e+00 -5.000000e+00
1.390165e+00 -1.390165e+00 -5.500000e+00
1.430150e+00 -1.021536e+00 -5.500000e+00
1.469679e+00 -6.298626e-01 -5.500000e+00
1.496231e+00 -2.137473e-01 -5.500000e+00
1.496231e+00 2.137473e-01 -5.500000e+00
1.469679e+00 6.298626e-01 -5.500000e+00
1.430150e+00 1.021536e+00 -5.500000e+00
1.390165e+00 1.390165e+00 -5.500000e+00
3.888889e+00 5.000000e+00 -5.000000e+00
5.000000e+00 -5.000000e+00 -5.000000e+00
5.000000e+00 -3.888889e+00 -5.000000e+00
5.000000e+00 -2.777778e+00 -5.000000e+00
5.000000e+00 -1.666667e+00 -5.000000e+00
5.000000e+00 -5.555556e-01 -5.000000e+00
5.000000e+00 5.555556e-01 -5.000000e+00
5.000000e+00 1.666667e+00 -5.000000e+00
5.000000e+00 2.777778e+00 -5.000000e+00
5.000000e+00 3.888889e+00 -5.000000e+00
5.000000e+00 5.000000e+00 -5.000000e+00
-5.000000e+00 -5.000000e+00 -3.888889e+00
-4.500000e+00 -1.390165e+00 -1.390165e+00
-4.500000e+00 -1.021536e+00 -1.430150e+00
-4.500000e+00 -6.298626e-01 -1.469679e+00
-4.500000e+00 -2.137473e-01 -1.496231e+00
-4.500000e+00 2.137473e-01 -1.496231e+00
-4.500000e+00 6.298626e-01 -1.469679e+00
-4.500000e+00 1.021536e+00 -1.430150e+00
-4.500000e+00 1.390165e+00 -1.390165e+00
-5.000000e+00 5.000000e+00 -3.888889e+00
-1.390165e+00 -5.500000e+00 -1.390165e+00
-3.888889e+00 -3.888889e+00 -3.888889e+00
-3.888889e+00 -2.777778e+00 -3.888889e+00
-3.888889e+00 -1.666667e+00 -3.888889e+00
-3.888889e+00 -5.555556e-01 -3.888889e+00
-3.888889e+00 5.555556e-01 -3.888889e+00
-3.888889e+00 1.666667e+00 -3.888889e+00
-3.888889e+00 2.777778e+00 -3.888889e+00
-3.888889e+00 3.888889e+00 -3.888889e+00
-1.390165e+00 5.500000e+00 -1.390165e+00
-1.021536e+00 -5.500000e+00 -1.430150e+00
-2.777778e+00 -3.888889e+00 -3.888889e+00
-2.777778e+00 -2.777778e+00 -3.888889e+00
-2.777778e+00 -1.666667e+00 -3.888889e+00
-2.777778e+00 -5.555556e-01 -3.888889e+00
-2.777778e+00 5.555556e-01 -3.888889e+00
-2.777778e+00 1.666667e+00 -3.888889e+00
-2.777778e+00 2.777778e+00 -3.888889e+00
-2.777778e+00 3.888889e+00 -3.888889e+00
-1.021536e+00 5.500000e+00 -1.430150e+00
-6.298626e-01 -5.500000e+00 -1.469679e+00
-1.666667e+00 -3.888889e+00 -3.888889e+00
-1.666667e+00 -2.777778e+00 -3.888889e+00
-1.666667e+00 -1.666667e+00 -3.888889e+00
-1.666667e+00 -5.555556e-01 -3.888889e+00
-1.666667e+00 5.555556e-01 -3.888889e+00
-1.666667e+00 1.666667e+00 -3.888889e+00
-1.666667e+00 2.777778e+00 -3.888889e+00
-1.666667e+00 3.888889e+00 -3.888889e+00
-6.298626e-01 5.500000e+00 -1.469679e+00
-2.137473e-01 -5.500000e+00 -1.496231e+00
-5.555556e-01 -3.888889e+00 -3.888889e+00
-5.555556e-01 -2.777778e+00 -3.888889e+00
-5.555556e-01 -1.666667e+00 -3.888889e+00
-5.555556e-01 -5.555556e-01 -3.888889e+00
-5.555556e-01 5.555556e-01 -3.888889e+00
-5.555556e-01 1.666667e+00 -3.888889e+00
-5.555556e-01 2.777778e+00 -3.888889e+00
-5.555556e-01 3.888889e+00 -3.888889e+00
-2.137473e-01 5.500000e+00 -1.496231e+00
2.137473e-01 -5.500000e+00 -1.496231e+00
5.555556e-01 -3.888889e+00 -3.888889e+00
5.555556e-01 -2.777778e+00 -3.888889e+00
5.555556e-01 -1.666667e+00 -3.888889e+00
5.555556e-01 -5.555556e-01 -3.888889e+00
5.555556e-01 5.555556e-01 -3.888889e+00
5.555556e-01 1.666667e+00 -3.888889e+00
5.555556e-01 2.777778e+00 -3.888889e+00
5.555556e-01 3.888889e+00 -3.888889e+00
2.137473e-01 5.500000e+00 -1.496231e+00
6.298626e-01 -5.500000e+00 -1.469679e+00
1.666667e+00 -3.888889e+00 -3.888889e+00
1.666667e+00 -2.777778e+00 -3.888889e+00
1.666667e+00 -1.666667e+00 -3.888889e+00
1.666667e+00 -5.555556e-01 -3.888889e+00
1.666667e+00 5.555556e-01 -3.888889e+00
1.666667e+00 1.666667e+00 -3.888889e+00
1.666667e+00 2.777778e+00 -3.888889e+00
1.666667e+00 3.888889e+00 -3.888889e+00
6.298626e-01 5.500000e+00 -1.469679e+00
1.021536e+00 -5.500000e+00 -1.430150e+00
2.777778e+00 -3.888889e+00 -3.888889e+00
2.777778e+00 -2.777778e+00 -3.888889e+00
2.777778e+00 -1.666667e+00 -3.888889e+00
2.777778e+00 -5.555556e-01 -3.888889e+00
2.777778e+00 5.555556e-01 -3.888889e+00
2.777778e+00 1.666667e+00 -3.888889e+00
2.777778e+00 2.777778e+00 -3.888889e+00
2.777778e+00 3.888889e+00 -3.888889e+00
1.021536e+00 5.500000e+00 -1.430150e+00
1.390165e+00 -5.500000e+00 -1.390165e+00
3.888889e+00 -3.888889e+00 -3.888889e+00
3.888889e+00 -2.777778e+00 -3.888889e+00
3.888889e+00 -1.666667e+00 -3.888889e+00
3.888889e+00 -5.555556e-01 -3.888889e+00
3.888889e+00 5.555556e-01 -3.888889e+00
3.888889e+00 1.666667e+00 -3.888889e+00
3.888889e+00 2.777778e+00 -3.888889e+00
3.888889e+00 3.888889e+00 -3.888889e+00
1.390165e+00 5.500000e+00 -1.390165e+00
5.000000e+00 -5.000000e+00 -3.888889e+00
4.500000e+00 -1.390165e+00 -1.390165e+00
4.500000e+00 -1.021536e+00 -1.430150e+00
4.500000e+00 -6.298626e-01 -1.469679e+00
4.500000e+00 -2.137473e-01 -1.496231e+00
4.500000e+00 2.137473e-01 -1.496231e+00
4.500000e+00 6.298626e-01 -1.469679e+00
4.500000e+00 1.021536e+00 -1.430150e+00
4.500000e+00 1.390165e+00 -1.390165e+00
5.000000e+00 5.000000e+00 -3.888889e+00
-5.000000e+00 -5.000000e+00 -2.777778e+00
-4.500000e+00 -1.430150e+00 -1.021536e+00
-3.500000e+00 -1.280330e+00 -1.280330e+00
-3.500000e+00 -8.358718e-01 -1.393120e+00
-3.500000e+00 -2.970871e-01 -1.485436e+00
-3.500000e+00 2.970871e-01 -1.485436e+00
-3.500000e+00 8.358718e-01 -1.393120e+00
-3.500000e+00 1.280330e+00 -1.280330e+00
-4.500000e+00 1.430150e+00 -1.021536e+00
-5.000000e+00 5.000000e+00 -2.777778e+00
-1.430150e+00 -5.500000e+00 -1.021536e+00
-3.888889e+00 -3.888889e+00 -2.777778e+00
-3.888889e+00 -2.777778e+00 -2.777778e+00
-3.888889e+00 -1.666667e+00 -2.777778e+00
-3.888889e+00 -5.555556e-01 -2.777778e+00
-3.888889e+00 5.555556e-01 -2.777778e+00
-3.888889e+00 1.666667e+00 -2.777778e+00
-3.888889e+00 2.777778e+00 -2.777778e+00
-3.888889e+00 3.888889e+00 -2.777778e+00
-1.430150e+00 5.500000e+00 -1.021536e+00
-1.280330e+00 -6.500000e+00 -1.280330e+00
-2.777778e+00 -3.888889e+00 -2.777778e+00
-2.777778e+00 -2.777778e+00 -2.777778e+00
-2.777778e+00 -1.666667e+00 -2.777778e+00
-2.777778e+00 -5.555556e-01 -2.777778e+00
-2.777778e+00 5.555556e-01 -2.777778e+00
-2.777778e+00 1.666667e+00 -2.777778e+00
-2.777778e+00 2.777778e+00 -2.777778e+00
-2.777778e+00 3.888889e+00 -2.777778e+00
-1.280330e+00 6.500000e+00 -1.280330e+00
-8.358718e-01 -6.500000e+00 -1.393120e+00
-1.666667e+00 -3.888889e+00 -2.777778e+00
-1.666667e+00 -2.777778e+00 -2.777778e+00
-1.666667e+00 -1.666667e+00 -2.777778e+00
-1.666667e+00 -5.555556e-01 -2.777778e+00
-1.666667e+00 5.555556e-01 -2.777778e+00
-1.666667e+00 1.666667e+00 -2.777778e+00
-1.666667e+00 2.777778e+00 -2.777778e+00
-1.666667e+00 3.888889e+00 -2.777778e+00
-8.358718e-01 6.500000e+00 -1.393120e+00
-2.970871e-01 -6.500000e+00 -1.485436e+00
-5.555556e-01 -3.888889e+00 -2.777778e+00
-5.555556e-01 -2.777778e+00 -2.777778e+00
-5.555556e-01 -1.666667e+00 -2.777778e+00
-5.555556e-01 -5.555556e-01 -2.777778e+00
-5.555556e-01 5.555556e-01 -2.777778e+00
-5.555556e-01 1.666667e+00 -2.777778e+00
-5.555556e-01 2.777778e+00 -2.777778e+00
-5.555556e-01 3.888889e+00 -2.777778e+00
-2.970871e-01 6.500000e+00 -1.485436e+00
2.970871e-01 -6.500000e+00 -1.485436e+00
5.555556e-01 -3.888889e+00 -2.777778e+00
5.555556e-01 -2.777778e+00 -2.777778e+00
5.555556e-01 -1.666667e+00 -2.777778e+00
5.555556e-01 -5.555556e-01 -2.777778e+00
5.555556e-01 5.555556e-01 -2.777778e+00
5.555556e-01 1.666667e+00 -2.777778e+00
5.555556e-01 2.777778e+00 -2.777778e+00
5.555556e-01 3.888889e+00 -2.777778e+00
2.970871e-01 6.500000e+00 -1.485436e+00
8.358718e-01 -6.500000e+00 -1.393120e+00
1.666667e+00 -3.888889e+00 -2.777778e+00
1.666667e+00 -2.777778e+00 -2.777778e+00
1.666667e+00 -1.666667e+00 -2.777778e+00
1.666667e+00 -5.555556e-01 -2.777778e+00
1.666667e+00 5.555556e-01 -2.777778e+00
1.666667e+00 1.666667e+00 -2.777778e+00
1.666667e+00 2.777778e+00 -2.777778e+00
1.666667e+00 3.888889e+00 -2.777778e+00
8.358718e-01 6.500000e+00 -1.393120e+00
1.280330e+00 -6.500000e+00 -1.280330e+00
2.777778e+00 -3.888889e+00 -2.777778e+00
2.777778e+00 -2.777778e+00 -2.777778e+00
2.777778e+00 -1.666667e+00 -2.777778e+00
2.777778e+00 -5.555556e-01 -2.777778e+00
2.777778e+00 5.555556e-01 -2.777778e+00
2.777778e+00 1.666667e+00 -2.777778e+00
2.777778e+00 2.777778e+00 -2.777778e+00
2.777778e+00 3.888889e+00 -2.777778e+00
1.280330e+00 6.500000e+00 -1.280330e+00
1.430150e+00 -5.500000e+00 -1.021536e+00
3.888889e+00 -3.888889e+00 -2.777778e+00
3.888889e+00 -2.777778e+00 -2.777778e+00
3.888889e+00 -1.666667e+00 -2.777778e+00
3.888889e+00 -5.555556e-01 -2.777778e+00
3.888889e+00 5.555556e-01 -2.777778e+00
3.888889e+00 1.666667e+00 -2.777778e+00
3.888889e+00 2.777778e+00 -2.777778e+00
3.888889e+00 3.888889e+00 -2.777778e+00
1.430150e+00 5.500000e+00 -1.021536e+00
5.000000e+00 -5.000000e+00 -2.777778e+00
4.500000e+00 -1.430150e+00 -1.021536e+00
3.500000e+00 -1.280330e+00 -1.280330e+00
3.500000e+00 -8.358718e-01 -1.393120e+00
3.500000e+00 -2.970871e-01 -1.485436e+00
3.500000e+00 2.970871e-01 -1.485436e+00
3.500000e+00 8.358718e-01 -1.393120e+00
3.500000e+00 1.280330e+00 -1.280330e+00
4.500000e+00 1.430150e+00 -1.021536e+00
5.000000e+00 5.000000e+00 -2.777778e+00
-5.000000e+00 -5.000000e+00 -1.666667e+00
-4.500000e+00 -1.469679e+00 -6.298626e-01
-3.500000e+00 -1.393120e+00 -8.358718e-01
-3.000000e+00 -3.121320e+00 -3.121320e+00
-3.000000e+00 -1.282017e+00 -3.846050e+00
-3.000000e+00 1.282017e+00 -3.846050e+00
-3.000000e+00 3.121320e+00 -3.121320e+00
-3.500000e+00 1.393120e+00 -8.358718e-01
-4.500000e+00 1.469679e+00 -6.298626e-01
-5.000000e+00 5.000000e+00 -1.666667e+00
-1.469679e+00 -5.500000e+00 -6.298626e-01
-3.888889e+00 -3.888889e+00 -1.666667e+00
-3.888889e+00 -2.777778e+00 -1.666667e+00
-3.888889e+00 -1.666667e+00 -1.666667e+00
-3.888889e+00 -5.555556e-01 -1.666667e+00
-3.888889e+00 5.555556e-01 -1.666667e+00
-3.888889e+00 1.666667e+00 -1.666667e+00
-3.888889e+00 2.777778e+00 -1.666667e+00
-3.888889e+00 3.888889e+00 -1.666667e+00
-1.469679e+00 5.500000e+00 -6.298626e-01
-1.393120e+00 -6.500000e+00 -8.358718e-01
-2.777778e+00 -3.888889e+00 -1.666667e+00
-2.777778e+00 -2.777778e+00 -1.666667e+00
-2.777778e+00 -1.666667e+00 -1.666667e+00
-2.777778e+00 -5.555556e-01 -1.666667e+00
-2.777778e+00 5.555556e-01 -1.666667e+00
-2.777778e+00 1.666667e+00 -1.666667e+00
-2.777778e+00 2.777778e+00 -1.666667e+00
-2.777778e+00 3.888889e+00 -1.666667e+00
-1.393120e+00 6.500000e+00 -8.358718e-01
-3.121320e+00 -7.000000e+00 -3.121320e+00
-1.666667e+00 -3.888889e+00 -1.666667e+00
-1.666667e+00 -2.777778e+00 -1.666667e+00
-1.666667e+00 -1.666667e+00 -1.666667e+00
-1.666667e+00 -5.555556e-01 -1.666667e+00
-1.666667e+00 5.555556e-01 -1.666667e+00
-1.666667e+00 1.666667e+00 -1.666667e+00
-1.666667e+00 2.777778e+00 -1.666667e+00
-1.666667e+00 3.888889e+00 -1.666667e+00
-3.121320e+00 7.000000e+00 -3.121320e+00
-1.282017e+00 -7.000000e+00 -3.846050e+00
-5.555556e-01 -3.888889e+00 -1.666667e+00
-5.555556e-01 -2.777778e+00 -1.666667e+00
-5.555556e-01 -1.666667e+00 -1.666667e+00
-5.555556e-01 -5.555556e-01 -1.666667e+00
-5.555556e-01 5.555556e-01 -1.666667e+00
-5.555556e-01 1.666667e+00 -1.666667e+00
-5.555556e-01 2.777778e+00 -1.666667e+00
-5.555556e-01 3.888889e+00 -1.666667e+00
-1.282017e+00 7.000000e+00 -3.846050e+00
1.282017e+00 -7.000000e+00 -3.846050e+00
5.555556e-01 -3.888889e+00 -1.666667e+00
5.555556e-01 -2.777778e+00 -1.666667e+00
5.555556e-01 -1.666667e+00 -1.666667e+00
5.555556e-01 -5.555556e-01 -1.666667e+00
5.555556e-01 5.555556e-01 -1.666667e+00
5.555556e-01 1.666667e+00 -1.666667e+00
5.555556e-01 2.777778e+00 -1.666667e+00
5.555556e-01 3.888889e+00 -1.666667e+00
1.282017e+00 7.000000e+00 -3.846050e+00
3.121320e+00 -7.000000e+00 -3.121320e+00
1.666667e+00 -3.888889e+00 -1.666667e+00
1.666667e+00 -2.777778e+00 -1.666667e+00
1.666667e+00 -1.666667e+00 -1.666667e+00
1.666667e+00 -5.555556e-01 -1.666667e+00
1.666667e+00 5.555556e-01 -1.666667e+00
1.666667e+00 1.666667e+00 -1.666667e+00
1.666667e+00 2.777778e+00 -1.666667e+00
1.666667e+00 3.888889e+00 -1.666667e+00
3.121320e+00 7.000000e+00 -3.121320e+00
1.393120e+00 -6.500000e+00 -8.358718e-01
2.777778e+00 -3.888889e+00 -1.666667e+00
2.777778e+00 -2.777778e+00 -1.666667e+00
2.777778e+00 -1.666667e+00 -1.666667e+00
2.777778e+00 -5.555556e-01 -1.666667e+00
2.777778e+00 5.555556e-01 -1.666667e+00
2.777778e+00 1.666667e+00 -1.666667e+00
2.777778e+00 2.777778e+00 -1.666667e+00
2.777778e+00 3.888889e+00 -1.666667e+00
1.393120e+00 6.500000e+00 -8.358718e-01
1.469679e+00 -5.500000e+00 -6.298626e-01
3.888889e+00 -3.888889e+00 -1.666667e+00
3.888889e+00 -2.777778e+00 -1.666667e+00
3.888889e+00 -1.666667e+00 -1.666667e+00
3.888889e+00 -5.555556e-01 -1.666667e+00
3.888889e+00 5.555556e-01 -1.666667e+00
3.888889e+00 1.666667e+00 -1.666667e+00
3.888889e+00 2.777778e+00 -1.666667e+00
3.888889e+00 3.888889e+00 -1.666667e+00
1.469679e+00 5.500000e+00 -6.298626e-01
5.000000e+00 -5.000000e+00 -1.666667e+00
4.500000e+00 -1.469679e+00 -6.298626e-01
3.500000e+00 -1.393120e+00 -8.358718e-01
3.000000e+00 -3.121320e+00 -3.121320e+00
3.000000e+00 -1.282017e+00 -3.846050e+00
3.000000e+00 1.282017e+00 -3.846050e+00
3.000000e+00 3.121320e+00 -3.121320e+00
3.500000e+00 1.393120e+00 -8.358718e-01
4.500000e+00 1.469679e+00 -6.298626e-01
5.000000e+00 5.000000e+00 -1.666667e+00
-5.000000e+00 -5.000000e+00 -5.555556e-01
-4.500000e+00 -1.496231e+00 -2.137473e-01
-3.500000e+00 -1.485436e+00 -2.970871e-01
-3.000000e+00 -3.846050e+00 -1.282017e+00
-2.000000e+00 -2.828427e+00 -2.828427e+00
-2.000000e+00 2.828427e+00 -2.828427e+00
-3.000000e+00 3.846050e+00 -1.282017e+00
-3.500000e+00 1.485436e+00 -2.970871e-01
-4.500000e+00 1.496231e+00 -2.137473e-01
-5.000000e+00 5.000000e+00 -5.555556e-01
-1.496231e+00 -5.500000e+00 -2.137473e-01
-3.888889e+00 -3.888889e+00 -5.555556e-01
-3.888889e+00 -2.777778e+00 -5.555556e-01
-3.888889e+00 -1.666667e+00 -5.555556e-01
-3.888889e+00 -5.555556e-01 -5.555556e-01
-3.888889e+00 5.555556e-01 -5.555556e-01
-3.888889e+00 1.666667e+00 -5.555556e-01
-3.888889e+00 2.777778e+00 -5.555556e-01
-3.888889e+00 3.888889e+00 -5.555556e-01
-1.496231e+00 5.500000e+00 -2.137473e-01
-1.485436e+00 -6.500000e+00 -2.970871e-01
-2.777778e+00 -3.888889e+00 -5.555556e-01
-2.777778e+00 -2.777778e+00 -5.555556e-01
-2.777778e+00 -1.666667e+00 -5.555556e-01
-2.777778e+00 -5.555556e-01 -5.555556e-01
-2.777778e+00 5.555556e-01 -5.555556e-01
-2.777778e+00 1.666667e+00 -5.555556e-01
-2.777778e+00 2.777778e+00 -5.555556e-01
-2.777778e+00 3.888889e+00 -5.555556e-01
-1.485436e+00 6.500000e+00 -2.970871e-01
-3.846050e+00 -7.000000e+00 -1.282017e+00
-1.666667e+00 -3.888889e+00 -5.555556e-01
-1.666667e+00 -2.777778e+00 -5.555556e-01
-1.666667e+00 -1.666667e+00 -5.555556e-01
-1.666667e+00 -5.555556e-01 -5.555556e-01
-1.666667e+00 5.555556e-01 -5.555556e-01
-1.666667e+00 1.666667e+00 -5.555556e-01
-1.666667e+00 2.777778e+00 -5.555556e-01
-1.666667e+00 3.888889e+00 -5.555556e-01
-3.846050e+00 7.000000e+00 -1.282017e+00
-2.828427e+00 -8.000000e+00 -2.828427e+00
-5.555556e-01 -3.888889e+00 -5.555556e-01
-5.555556e-01 -2.777778e+00 -5.555556e-01
-5.555556e-01 -1.666667e+00 -5.555556e-01
-5.555556e-01 -5.555556e-01 -5.555556e-01
-5.555556e-01 5.555556e-01 -5.555556e-01
-5.555556e-01 1.666667e+00 -5.555556e-01
-5.555556e-01 2.777778e+00 -5.555556e-01
-5.555556e-01 3.888889e+00 -5.555556e-01
-2.828427e+00 8.000000e+00 -2.828427e+00
2.828427e+00 -8.000000e+00 -2.828427e+00
5.555556e-01 -3.888889e+00 -5.555556e-01
5.555556e-01 -2.777778e+00 -5.555556e-01
5.555556e-01 -1.666667e+00 -5.555556e-01
5.555556e-01 -5.555556e-01 -5.555556e-01
5.555556e-01 5.555556e-01 -5.555556e-01
5.555556e-01 1.666667e+00 -5.555556e-01
5.555556e-01 2.777778e+00 -5.555556e-01
5.555556e-01 3.888889e+00 -5.555556e-01
2.828427e+00 8.000000e+00 -2.828427e+00
3.846050e+00 -7.000000e+00 -1.282017e+00
1.666667e+00 -3.888889e+00 -5.555556e-01
1.666667e+00 -2.777778e+00 -5.555556e-01
1.666667e+00 -1.666667e+00 -5.555556e-01
1.666667e+00 -5.555556e-01 -5.555556e-01
1.666667e+00 5.555556e-01 -5.555556e-01
1.666667e+00 1.666667e+00 -5.555556e-01
1.666667e+00 2.777778e+00 -5.555556e-01
1.666667e+00 3.888889e+00 -5.555556e-01
3.846050e+00 7.000000e+00 -1.282017e+00
1.485436e+00 -6.500000e+00 -2.970871e-01
2.777778e+00 -3.888889e+00 -5.555556e-01
2.777778e+00 -2.777778e+00 -5.555556e-01
2.777778e+00 -1.666667e+00 -5.555556e-01
2.777778e+00 -5.555556e-01 -5.555556e-01
2.777778e+00 5.555556e-01 -5.555556e-01
2.777778e+00 1.666667e+00 -5.555556e-01
2.777778e+00 2.777778e+00 -5.555556e-01
2.777778e+00 3.888889e+00 -5.555556e-01
1.485436e+00 6.500000e+00 -2.970871e-01
1.496231e+00 -5.500000e+00 -2.137473e-01
3.888889e+00 -3.888889e+00 -5.555556e-01
3.888889e+00 -2.777778e+00 -5.555556e-01
3.888889e+00 -1.666667e+00 -5.555556e-01
3.888889e+00 -5.555556e-01 -5.555556e-01
3.888889e+00 5.555556e-01 -5.555556e-01
3.888889e+00 1.666667e+00 -5.555556e-01
3.888889e+00 2.777778e+00 -5.555556e-01
3.888889e+00 3.888889e+00 -5.555556e-01
1.496231e+00 5.500000e+00 -2.137473e-01
5.000000e+00 -5.000000e+00 -5.555556e-01
4.500000e+00 -1.496231e+00 -2.137473e-01
3.500000e+00 -1.485436e+00 -2.970871e-01
3.000000e+00 -3.846050e+00 -1.282017e+00
2.000000e+00 -2.828427e+00 -2.828427e+00
2.000000e+00 2.828427e+00 -2.828427e+00
3.000000e+00 3.846050e+00 -1.282017e+00
3.500000e+00 1.485436e+00 -2.970871e-01
4.500000e+00 1.496231e+00 -2.137473e-01
5.000000e+00 5.000000e+00 -5.555556e-01
-5.000000e+00 -5.000000e+00 5.555556e-01
-4.500000e+00 -1.496231e+00 2.137473e-01
-3.500000e+00 -1.485436e+00 2.970871e-01
-3.000000e+00 -3.846050e+00 1.282017e+00
-2.000000e+00 -2.828427e+00 2.828427e+00
-2.000000e+00 2.828427e+00 2.828427e+00
-3.000000e+00 3.846050e+00 1.282017e+00
-3.500000e+00 1.485436e+00 2.970871e-01
-4.500000e+00 1.496231e+00 2.137473e-01
-5.000000e+00 5.000000e+00 5.555556e-01
-1.496231e+00 -5.500000e+00 2.137473e-01
-3.888889e+00 -3.888889e+00 5.555556e-01
-3.888889e+00 -2.777778e+00 5.555556e-01
-3.888889e+00 -1.666667e+00 5.555556e-01
-3.888889e+00 -5.555556e-01 5.555556e-01
-3.888889e+00 5.555556e-01 5.555556e-01
-3.888889e+00 1.666667e+00 5.555556e-01
-3.888889e+00 2.777778e+00 5.555556e-01
-3.888889e+00 3.888889e+00 5.555556e-01
-1.496231e+00 5.500000e+00 2.137473e-01
-1.485436e+00 -6.500000e+00 2.970871e-01
-2.777778e+00 -3.888889e+00 5.555556e-01
-2.777778e+00 -2.777778e+00 5.555556e-01
-2.777778e+00 -1.666667e+00 5.555556e-01
-2.777778e+00 -5.555556e-01 5.555556e-01
-2.777778e+00 5.555556e-01 5.555556e-01
-2.777778e+00 1.666667e+00 5.555556e-01
-2.777778e+00 2.777778e+00 5.555556e-01
-2.777778e+00 3.888889e+00 5.555556e-01
-1.485436e+00 6.500000e+00 2.970871e-01
-3.846050e+00 -7.000000e+00 1.282017e+00
-1.666667e+00 -3.888889e+00 5.555556e-01
-1.666667e+00 -2.777778e+00 5.555556e-01
-1.666667e+00 -1.666667e+00 5.555556e-01
-1.666667e+00 -5.555556e-01 5.555556e-01
-1.666667e+00 5.555556e-01 5.555556e-01
-1.666667e+00 1.666667e+00 5.555556e-01
-1.666667e+00 2.777778e+00 5.555556e-01
-1.666667e+00 3.888889e+00 5.555556e-01
-3.846050e+00 7.000000e+00 1.282017e+00
-2.828427e+00 -8.000000e+00 2.828427e+00
-5.555556e-01 -3.888889e+00 5.555556e-01
-5.555556e-01 -2.777778e+00 5.555556e-01
-5.555556e-01 -1.666667e+00 5.555556e-01
-5.555556e-01 -5.555556e-01 5.555556e-01
-5.555556e-01 5.555556e-01 5.555556e-01
-5.555556e-01 1.666667e+00 5.555556e-01
-5.555556e-01 2.777778e+00 5.555556e-01
-5.555556e-01 3.888889e+00 5.555556e-01
-2.828427e+00 8.000000e+00 2.828427e+00
2.828427e+00 -8.000000e+00 2.828427e+00
5.555556e-01 -3.888889e+00 5.555556e-01
5.555556e-01 -2.777778e+00 5.555556e-01
5.555556e-01 -1.666667e+00 5.555556e-01
5.555556e-01 -5.555556e-01 5.555556e-01
5.555556e-01 5.555556e-01 5.555556e-01
5.555556e-01 1.666667e+00 5.555556e-01
5.555556e-01 2.777778e+00 5.555556e-01
5.555556e-01 3.888889e+00 5.555556e-01
2.828427e+00 8.000000e+00 2.828427e+00
3.846050e+00 -7.000000e+00 1.282017e+00
1.666667e+00 -3.888889e+00 5.555556e-01
1.666667e+00 -2.777778e+00 5.555556e-01
1.666667e+00 -1.666667e+00 5.555556e-01
1.666667e+00 -5.555556e-01 5.555556e-01
1.666667e+00 5.555556e-01 5.555556e-01
1.666667e+00 1.666667e+00 5.555556e-01
1.666667e+00 2.777778e+00 5.555556e-01
1.666667e+00 3.888889e+00 5.555556e-01
3.846050e+00 7.000000e+00 1.282017e+00
1.485436e+00 -6.500000e+00 2.970871e-01
2.777778e+00 -3.888889e+00 5.555556e-01
2.777778e+00 -2.777778e+00 5.555556e-01
2.777778e+00 -1.666667e+00 5.555556e-01
2.777778e+00 -5.555556e-01 5.555556e-01
2.777778e+00 5.555556e-01 5.555556e-01
2.777778e+00 1.666667e+00 5.555556e-01
2.777778e+00 2.777778e+00 5.555556e-01
2.777778e+00 3.888889e+00 5.555556e-01
1.485436e+00 6.500000e+00 2.970871e-01
1.496231e+00 -5.500000e+00 2.137473e-01
3.888889e+00 -3.888889e+00 5.555556e-01
3.888889e+00 -2.777778e+00 5.555556e-01
3.888889e+00 -1.666667e+00 5.555556e-01
3.888889e+00 -5.555556e-01 5.555556e-01
3.888889e+00 5.555556e-01 5.555556e-01
3.888889e+00 1.666667e+00 5.555556e-01
3.888889e+00 2.777778e+00 5.555556e-01
3.888889e+00 3.888889e+00 5.555556e-01
1.496231e+00 5.500000e+00 2.137473e-01
5.000000e+00 -5.000000e+00 5.555556e-01
4.500000e+00 -1.496231e+00 2.137473e-01
3.500000e+00 -1.485436e+00 2.970871e-01
3.000000e+00 -3.846050e+00 1.282017e+00
2.000000e+00 -2.828427e+00 2.828427e+00
2.000000e+00 2.828427e+00 2.828427e+00
3.000000e+00 3.846050e+00 1.282017e+00
3.500000e+00 1.485436e+00 2.970871e-01
4.500000e+00 1.496231e+00 2.137473e-01
5.000000e+00 5.000000e+00 5.555556e-01
-5.000000e+00 -5.000000e+00 1.666667e+00
-4.500000e+00 -1.469679e+00 6.298626e-01
-3.500000e+00 -1.393120e+00 8.358718e-01
-3.000000e+00 -3.121320e+00 3.121320e+00
-3.000000e+00 -1.282017e+00 3.846050e+00
-3.000000e+00 1.282017e+00 3.846050e+00
-3.000000e+00 3.121320e+00 3.121320e+00
-3.500000e+00 1.393120e+00 8.358718e-01
-4.500000e+00 1.469679e+00 6.298626e-01
-5.000000e+00 5.000000e+00 1.666667e+00
-1.469679e+00 -5.500000e+00 6.298626e-01
-3.888889e+00 -3.888889e+00 1.666667e+00
-3.888889e+00 -2.777778e+00 1.666667e+00
-3.888889e+00 -1.666667e+00 1.666667e+00
-3.888889e+00 -5.555556e-01 1.666667e+00
-3.888889e+00 5.555556e-01 1.666667e+00
-3.888889e+00 1.666667e+00 1.666667e+00
-3.888889e+00 2.777778e+00 1.666667e+00
-3.888889e+00 3.888889e+00 1.666667e+00
-1.469679e+00 5.500000e+00 6.298626e-01
-1.393120e+00 -6.500000e+00 8.358718e-01
-2.777778e+00 -3.888889e+00 1.666667e+00
-2.777778e+00 -2.777778e+00 1.666667e+00
-2.777778e+00 -1.666667e+00 1.666667e+00
-2.777778e+00 -5.555556e-01 1.666667e+00
-2.777778e+00 5.555556e-01 1.666667e+00
-2.777778e+00 1.666667e+00 1.666667e+00
-2.777778e+00 2.777778e+00 1.666667e+00
-2.777778e+00 3.888889e+00 1.666667e+00
-1.393120e+00 6.500000e+00 8.358718e-01
-3.121320e+00 -7.000000e+00 3.121320e+00
-1.666667e+00 -3.888889e+00 1.666667e+00
-1.666667e+00 -2.777778e+00 1.666667e+00
-1.666667e+00 -1.666667e+00 1.666667e+00
-1.666667e+00 -5.555556e-01 1.666667e+00
-1.666667e+00 5.555556e-01 1.666667e+00
-1.666667e+00 1.666667e+00 1.666667e+00
-1.666667e+00 2.777778e+00 1.666667e+00
-1.666667e+00 3.888889e+00 1.666667e+00
-3.121320e+00 7.000000e+00 3.121320e+00
-1.282017e+00 -7.000000e+00 3.846050e+00
-5.555556e-01 -3.888889e+00 1.666667e+00
-5.555556e-01 -2.777778e+00 1.666667e+00
-5.555556e-01 -1.666667e+00 1.666667e+00
-5.555556e-01 -5.555556e-01 1.666667e+00
-5.555556e-01 5.555556e-01 1.666667e+00
-5.555556e-01 1.666667e+00 1.666667e+00
-5.555556e-01 2.777778e+00 1.666667e+00
-5.555556e-01 3.888889e+00 1.666667e+00
-1.282017e+00 7.000000e+00 3.846050e+00
1.282017e+00 -7.000000e+00 3.846050e+00
5.555556e-01 -3.888889e+00 1.666667e+00
5.555556e-01 -2.777778e+00 1.666667e+00
5.555556e-01 -1.666667e+00 1.666667e+00
5.555556e-01 -5.555556e-01 1.666667e+00
5.555556e-01 5.555556e-01 1.666667e+00
5.555556e-01 1.666667e+00 1.666667e+00
5.555556e-01 2.777778e+00 1.666667e+00
5.555556e-01 3.888889e+00 1.666667e+00
1.282017e+00 7.000000e+00 3.846050e+00
3.121320e+00 -7.000000e+00 3.121320e+00
1.666667e+00 -3.888889e+00 1.666667e+00
1.666667e+00 -2.777778e+00 1.666667e+00
1.666667e+00 -1.666667e+00 1.666667e+00
1.666667e+00 -5.555556e-01 1.666667e+00
1.666667e+00 5.555556e-01 1.666667e+00
1.666667e+00 1.666667e+00 1.666667e+00
1.666667e+00 2.777778e+00 1.666667e+00
1.666667e+00 3.888889e+00 1.666667e+00
3.121320e+00 7.000000e+00 3.121320e+00
1.393120e+00 -6.500000e+00 8.358718e-01
2.777778e+00 -3.888889e+00 1.666667e+00
2.777778e+00 -2.777778e+00 1.666667e+00
2.777778e+00 -1.666667e+00 1.666667e+00
2.777778e+00 -5.555556e-01 1.666667e+00
2.777778e+00 5.555556e-01 1.666667e+00
2.777778e+00 1.666667e+00 1.666667e+00
2.777778e+00 2.777778e+00 1.666667e+00
2.777778e+00 3.888889e+00 1.666667e+00
1.393120e+00 6.500000e+00 8.358718e-01
1.469679e+00 -5.500000e+00 6.298626e-01
3.888889e+00 -3.888889e+00 1.666667e+00
3.888889e+00 -2.777778e+00 1.666667e+00
3.888889e+00 -1.666667e+00 1.666667e+00
3.888889e+00 -5.555556e-01 1.666667e+00
3.888889e+00 5.555556e-01 1.666667e+00
3.888889e+00 1.666667e+00 1.666667e+00
3.888889e+00 2.777778e+00 1.666667e+00
3.888889e+00 3.888889e+00 1.666667e+00
1.469679e+00 5.500000e+00 6.298626e-01
5.000000e+00 -5.000000e+00 1.666667e+00
4.500000e+00 -1.469679e+00 6.298626e-01
3.500000e+00 -1.393120e+00 8.358718e-01
3.000000e+00 -3.121320e+00 3.121320e+00
3.000000e+00 -1.282017e+00 3.846050e+00
3.000000e+00 1.282017e+00 3.846050e+00
3.000000e+00 3.121320e+00 3.121320e+00
3.500000e+00 1.393120e+00 8.358718e-01
4.500000e+00 1.469679e+00 6.298626e-01
5.000000e+00 5.000000e+00 1.666667e+00
-5.000000e+00 -5.000000e+00 2.777778e+00
-4.500000e+00 -1.430150e+00 1.021536e+00
-3.500000e+00 -1.280330e+00 1.280330e+00
-3.500000e+00 -8.358718e-01 1.393120e+00
-3.500000e+00 -2.970871e-01 1.485436e+00
-3.500000e+00 2.970871e-01 1.485436e+00
-3.500000e+00 8.358718e-01 1.393120e+00
-3.500000e+00 1.280330e+00 1.280330e+00
-4.500000e+00 1.430150e+00 1.021536e+00
-5.000000e+00 5.000000e+00 2.777778e+00
-1.430150e+00 -5.500000e+00 1.021536e+00
-3.888889e+00 -3.888889e+00 2.777778e+00
-3.888889e+00 -2.777778e+00 2.777778e+00
-3.888889e+00 -1.666667e+00 2.777778e+00
-3.888889e+00 -5.555556e-01 2.777778e+00
-3.888889e+00 5.555556e-01 2.777778e+00
-3.888889e+00 1.666667e+00 2.777778e+00
-3.888889e+00 2.777778e+00 2.777778e+00
-3.888889e+00 3.888889e+00 2.777778e+00
-1.430150e+00 5.500000e+00 1.021536e+00
-1.280330e+00 -6.500000e+00 1.280330e+00
-2.777778e+00 -3.888889e+00 2.777778e+00
-2.777778e+00 -2.777778e+00 2.777778e+00
-2.777778e+00 -1.666667e+00 2.777778e+00
-2.777778e+00 -5.555556e-01 2.777778e+00
-2.777778e+00 5.555556e-01 2.777778e+00
-2.777778e+00 1.666667e+00 2.777778e+00
-2.777778e+00 2.777778e+00 2.777778e+00
-2.777778e+00 3.888889e+00 2.777778e+00
-1.280330e+00 6.500000e+00 1.280330e+00
-8.358718e-01 -6.500000e+00 1.393120e+00
-1.666667e+00 -3.888889e+00 2.777778e+00
-1.666667e+00 -2.777778e+00 2.777778e+00
-1.666667e+00 -1.666667e+00 2.777778e+00
-1.666667e+00 -5.555556e-01 2.777778e+00
-1.666667e+00 5.555556e-01 2.777778e+00
-1.666667e+00 1.666667e+00 2.777778e+00
-1.666667e+00 2.777778e+00 2.777778e+00
-1.666667e+00 3.888889e+00 2.777778e+00
-8.358718e-01 6.500000e+00 1.393120e+00
-2.970871e-01 -6.500000e+00 1.485436e+00
-5.555556e-01 -3.888889e+00 2.777778e+00
-5.555556e-01 -2.777778e+00 2.777778e+00
-5.555556e-01 -1.666667e+00 2.777778e+00
-5.555556e-01 -5.555556e-01 2.777778e+00
-5.555556e-01 5.555556e-01 2.777778e+00
-5.555556e-01 1.666667e+00 2.777778e+00
-5.555556e-01 2.777778e+00 2.777778e+00
-5.555556e-01 3.888889e+00 2.777778e+00
-2.970871e-01 6.500000e+00 1.485436e+00
2.970871e-01 -6.500000e+00 1.485436e+00
5.555556e-01 -3.888889e+00 2.777778e+00
5.555556e-01 -2.777778e+00 2.777778e+00
5.555556e-01 -1.666667e+00 2.777778e+00
5.555556e-01 -5.555556e-01 2.777778e+00
5.555556e-01 5.555556e-01 2.777778e+00
5.555556e-01 1.666667e+00 2.777778e+00
5.555556e-01 2.777778e+00 2.777778e+00
5.555556e-01 3.888889e+00 2.777778e+00
2.970871e-01 6.500000e+00 1.485436e+00
8.358718e-01 -6.500000e+00 1.393120e+00
1.666667e+00 -3.888889e+00 2.777778e+00
1.666667e+00 -2.777778e+00 2.777778e+00
1.666667e+00 -1.666667e+00 2.777778e+00
1.666667e+00 -5.555556e-01 2.777778e+00
1.666667e+00 5.555556e-01 2.777778e+00
1.666667e+00 1.666667e+00 2.777778e+00
1.666667e+00 2.777778e+00 2.777778e+00
1.666667e+00 3.888889e+00 2.777778e+00
8.358718e-01 6.500000e+00 1.393120e+00
1.280330e+00 -6.500000e+00 1.280330e+00
2.777778e+00 -3.888889e+00 2.777778e+00
2.777778e+00 -2.777778e+00 2.777778e+00
2.777778e+00 -1.666667e+00 2.777778e+00
2.777778e+00 -5.555556e-01 2.777778e+00
2.777778e+00 5.555556e-01 2.777778e+00
2.777778e+00 1.666667e+00 2.777778e+00
2.777778e+00 2.777778e+00 2.777778e+00
2.777778e+00 3.888889e+00 2.777778e+00
1.280330e+00 6.500000e+00 1.280330e+00
1.430150e+00 -5.500000e+00 1.021536e+00
3.888889e+00 -3.888889e+00 2.777778e+00
3.888889e+00 -2.777778e+00 2.777778e+00
3.888889e+00 -1.666667e+00 2.777778e+00
3.888889e+00 -5.555556e-01 2.777778e+00
3.888889e+00 5.555556e-01 2.777778e+00
3.888889e+00 1.666667e+00 2.777778e+00
3.888889e+00 2.777778e+00 2.777778e+00
3.888889e+00 3.888889e+00 2.777778e+00
1.430150e+00 5.500000e+00 1.021536e+00
5.000000e+00 -5.000000e+00 2.777778e+00
4.500000e+00 -1.430150e+00 1.021536e+00
3.500000e+00 -1.280330e+00 1.280330e+00
3.500000e+00 -8.358718e-01 1.393120e+00
3.500000e+00 -2.970871e-01 1.485436e+00
3.500000e+00 2.970871e-01 1.485436e+00
3.500000e+00 8.358718e-01 1.393120e+00
3.500000e+00 1.280330e+00 1.280330e+00
4.500000e+00 1.430150e+00 1.021536e+00
5.000000e+00 5.000000e+00 2.777778e+00
-5.000000e+00 -5.000000e+00 3.888889e+00
-4.500000e+00 -1.390165e+00 1.390165e+00
-4.500000e+00 -1.021536e+00 1.430150e+00
-4.500000e+00 -6.298626e-01 1.469679e+00
-4.500000e+00 -2.137473e-01 1.496231e+00
-4.500000e+00 2.137473e-01 1.496231e+00
-4.500000e+00 6.298626e-01 1.469679e+00
-4.500000e+00 1.021536e+00 1.430150e+00
-4.500000e+00 1.390165e+00 1.390165e+00
-5.000000e+00 5.000000e+00 3.888889e+00
-1.390165e+00 -5.500000e+00 1.390165e+00
-3.888889e+00 -3.888889e+00 3.888889e+00
-3.888889e+00 -2.777778e+00 3.888889e+00
-3.888889e+00 -1.666667e+00 3.888889e+00
-3.888889e+00 -5.555556e-01 3.888889e+00
-3.888889e+00 5.555556e-01 3.888889e+00
-3.888889e+00 1.666667e+00 3.888889e+00
-3.888889e+00 2.777778e+00 3.888889e+00
-3.888889e+00 3.888889e+00 3.888889e+00
-1.390165e+00 5.500000e+00 1.390165e+00
-1.021536e+00 -5.500000e+00 1.430150e+00
-2.777778e+00 -3.888889e+00 3.888889e+00
-2.777778e+00 -2.777778e+00 3.888889e+00
-2.777778e+00 -1.666667e+00 3.888889e+00
-2.777778e+00 -5.555556e-01 3.888889e+00
-2.777778e+00 5.555556e-01 3.888889e+00
-2.777778e+00 1.666667e+00 3.888889e+00
-2.777778e+00 2.777778e+00 3.888889e+00
-2.777778e+00 3.888889e+00 3.888889e+00
-1.021536e+00 5.500000e+00 1.430150e+00
-6.298626e-01 -5.500000e+00 1.469679e+00
-1.666667e+00 -3.888889e+00 3.888889e+00
-1.666667e+00 -2.777778e+00 3.888889e+00
-1.666667e+00 -1.666667e+00 3.888889e+00
-1.666667e+00 -5.555556e-01 3.888889e+00
-1.666667e+00 5.555556e-01 3.888889e+00
-1.666667e+00 1.666667e+00 3.888889e+00
-1.666667e+00 2.777778e+00 3.888889e+00
-1.666667e+00 3.888889e+00 3.888889e+00
-6.298626e-01 5.500000e+00 1.469679e+00
-2.137473e-01 -5.500000e+00 1.496231e+00
-5.555556e-01 -3.888889e+00 3.888889e+00
-5.555556e-01 -2.777778e+00 3.888889e+00
-5.555556e-01 -1.666667e+00 3.888889e+00
-5.555556e-01 -5.555556e-01 3.888889e+00
-5.555556e-01 5.555556e-01 3.888889e+00
-5.555556e-01 1.666667e+00 3.888889e+00
-5.555556e-01 2.777778e+00 3.888889e+00
-5.555556e-01 3.888889e+00 3.888889e+00
-2.137473e-01 5.500000e+00 1.496231e+00
2.137473e-01 -5.500000e+00 1.496231e+00
5.555556e-01 -3.888889e+00 3.888889e+00
5.555556e-01 -2.777778e+00 3.888889e+00
5.555556e-01 -1.666667e+00 3.888889e+00
5.555556e-01 -5.555556e-01 3.888889e+00
5.555556e-01 5.555556e-01 3.888889e+00
5.555556e-01 1.666667e+00 3.888889e+00
5.555556e-01 2.777778e+00 3.888889e+00
5.555556e-01 3.888889e+00 3.888889e+00
2.137473e-01 5.500000e+00 1.496231e+00
6.298626e-01 -5.500000e+00 1.469679e+00
1.666667e+00 -3.888889e+00 3.888889e+00
1.666667e+00 -2.777778e+00 3.888889e+00
1.666667e+00 -1.666667e+00 3.888889e+00
1.666667e+00 -5.555556e-01 3.888889e+00
1.666667e+00 5.555556e-01 3.888889e+00
1.666667e+00 1.666667e+00 3.888889e+00
1.666667e+00 2.777778e+00 3.888889e+00
1.666667e+00 3.888889e+00 3.888889e+00
6.298626e-01 5.500000e+00 1.469679e+00
1.021536e+00 -5.500000e+00 1.430150e+00
2.777778e+00 -3.888889e+00 3.888889e+00
2.777778e+00 -2.777778e+00 3.888889e+00
2.777778e+00 -1.666667e+00 3.888889e+00
2.777778e+00 -5.555556e-01 3.888889e+00
2.777778e+00 5.555556e-01 3.888889e+00
2.777778e+00 1.666667e+00 3.888889e+00
2.777778e+00 2.777778e+00 3.888889e+00
2.777778e+00 3.888889e+00 3.888889e+00
1.021536e+00 5.500000e+00 1.430150e+00
1.390165e+00 -5.500000e+00 1.390165e+00
3.888889e+00 -3.888889e+00 3.888889e+00
3.888889e+00 -2.777778e+00 3.888889e+00
3.888889e+00 -1.666667e+00 3.888889e+00
3.888889e+00 -5.555556e-01 3.888889e+00
3.888889e+00 5.555556e-01 3.888889e+00
3.888889e+00 1.666667e+00 3.888889e+00
3.888889e+00 2.777778e+00 3.888889e+00
3.888889e+00 3.888889e+00 3.888889e+00
1.390165e+00 5.500000e+00 1.390165e+00
5.000000e+00 -5.000000e+00 3.888889e+00
4.500000e+00 -1.390165e+00 1.390165e+00
4.500000e+00 -1.021536e+00 1.430150e+00
4.500000e+00 -6.298626e-01 1.469679e+00
4.500000e+00 -2.137473e-01 1.496231e+00
4.500000e+00 2.137473e-01 1.496231e+00
4.500000e+00 6.298626e-01 1.469679e+00
4.500000e+00 1.021536e+00 1.430150e+00
4.500000e+00 1.390165e+00 1.390165e+00
5.000000e+00 5.000000e+00 3.888889e+00
-5.000000e+00 -5.000000e+00 5.000000e+00
-5.000000e+00 -3.888889e+00 5.000000e+00
-5.000000e+00 -2.777778e+00 5.000000e+00
-5.000000e+00 -1.666667e+00 5.000000e+00
-5.000000e+00 -5.555556e-01 5.000000e+00
-5.000000e+00 5.555556e-01 5.000000e+00
-5.000000e+00 1.666667e+00 5.000000e+00
-5.000000e+00 2.777778e+00 5.000000e+00
-5.000000e+00 3.888889e+00 5.000000e+00
-5.000000e+00 5.000000e+00 5.000000e+00
-3.888889e+00 -5.000000e+00 5.000000e+00
-1.390165e+00 -1.390165e+00 5.500000e+00
-1.430150e+00 -1.021536e+00 5.500000e+00
-1.469679e+00 -6.298626e-01 5.500000e+00
-1.496231e+00 -2.137473e-01 5.500000e+00
-1.496231e+00 2.137473e-01 5.500000e+00
-1.469679e+00 6.298626e-01 5.500000e+00
-1.430150e+00 1.021536e+00 5.500000e+00
-1.390165e+00 1.390165e+00 5.500000e+00
-3.888889e+00 5.000000e+00 5.000000e+00
-2.777778e+00 -5.000000e+00 5.000000e+00
-1.021536e+00 -1.430150e+00 5.500000e+00
-1.280330e+00 -1.280330e+00 6.500000e+00
-1.393120e+00 -8.358718e-01 6.500000e+00
-1.485436e+00 -2.970871e-01 6.500000e+00
-1.485436e+00 2.970871e-01 6.500000e+00
-1.393120e+00 8.358718e-01 6.500000e+00
-1.280330e+00 1.280330e+00 6.500000e+00
-1.021536e+00 1.430150e+00 5.500000e+00
-2.777778e+00 5.000000e+00 5.000000e+00
-1.666667e+00 -5.000000e+00 5.000000e+00
-6.298626e-01 -1.469679e+00 5.500000e+00
-8.358718e-01 -1.393120e+00 6.500000e+00
-3.121320e+00 -3.121320e+00 7.000000e+00
-3.846050e+00 -1.282017e+00 7.000000e+00
-3.846050e+00 1.282017e+00 7.000000e+00
-3.121320e+00 3.121320e+00 7.000000e+00
-8.358718e-01 1.393120e+00 6.500000e+00
-6.298626e-01 1.469679e+00 5.500000e+00
-1.666667e+00 5.000000e+00 5.000000e+00
-5.555556e-01 -5.000000e+00 5.000000e+00
-2.137473e-01 -1.496231e+00 5.500000e+00
-2.970871e-01 -1.485436e+00 6.500000e+00
-1.282017e+00 -3.846050e+00 7.000000e+00
-2.828427e+00 -2.828427e+00 8.000000e+00
-2.828427e+00 2.828427e+00 8.000000e+00
-1.282017e+00 3.846050e+00 7.000000e+00
-2.970871e-01 1.485436e+00 6.500000e+00
-2.137473e-01 1.496231e+00 5.500000e+00
-5.555556e-01 5.000000e+00 5.000000e+00
5.555556e-01 -5.000000e+00 5.000000e+00
2.137473e-01 -1.496231e+00 5.500000e+00
2.970871e-01 -1.485436e+00 6.500000e+00
1.282017e+00 -3.846050e+00 7.000000e+00
2.828427e+00 -2.828427e+00 8.000000e+00
2.828427e+00 2.828427e+00 8.000000e+00
1.282017e+00 3.846050e+00 7.000000e+00
2.970871e-01 1.485436e+00 6.500000e+00
2.137473e-01 1.496231e+00 5.500000e+00
5.555556e-01 5.000000e+00 5.000000e+00
1.666667e+00 -5.000000e+00 5.000000e+00
6.298626e-01 -1.469679e+00 5.500000e+00
8.358718e-01 -1.393120e+00 6.500000e+00
3.121320e+00 -3.121320e+00 7.000000e+00
3.846050e+00 -1.282017e+00 7.000000e+00
3.846050e+00 1.282017e+00 7.000000e+00
3.121320e+00 3.121320e+00 7.000000e+00
8.358718e-01 1.393120e+00 6.500000e+00
6.298626e-01 1.469679e+00 5.500000e+00
1.666667e+00 5.000000e+00 5.000000e+00
2.777778e+00 -5.000000e+00 5.000000e+00
1.021536e+00 -1.430150e+00 5.500000e+00
1.280330e+00 -1.280330e+00 6.500000e+00
1.393120e+00 -8.358718e-01 6.500000e+00
1.485436e+00 -2.970871e-01 6.500000e+00
1.485436e+00 2.970871e-01 6.500000e+00
1.393120e+00 8.358718e-01 6.500000e+00
1.280330e+00 1.280330e+00 6.500000e+00
1.021536e+00 1.430150e+00 5.500000e+00
2.777778e+00 5.000000e+00 5.000000e+00
3.888889e+00 -5.000000e+00 5.000000e+00
1.390165e+00 -1.390165e+00 5.500000e+00
1.430150e+00 -1.021536e+00 5.500000e+00
1.469679e+00 -6.298626e-01 5.500000e+00
1.496231e+00 -2.137473e-01 5.500000e+00
1.496231e+00 2.137473e-01 5.500000e+00
1.469679e+00 6.298626e-01 5.500000e+00
1.430150e+00 1.021536e+00 5.500000e+00
1.390165e+00 1.390165e+00 5.500000e+00
3.888889e+00 5.000000e+00 5.000000e+00
5.000000e+00 -5.000000e+00 5.000000e+00
5.000000e+00 -3.888889e+00 5.000000e+00
5.000000e+00 -2.777778e+00 5.000000e+00
5.000000e+00 -1.666667e+00 5.000000e+00
5.000000e+00 -5.555556e-01 5.000000e+00
5.000000e+00 5.555556e-01 5.000000e+00
5.000000e+00 1.666667e+00 5.000000e+00
5.000000e+00 2.777778e+00 5.000000e+00
5.000000e+00 3.888889e+00 5.000000e+00
5.000000e+00 5.000000e+00 5.000000e+00
