-5.000000e+00 -5.000000e+00 -5.000000e+00
-5.000000e+00 -3.888889e+00 -5.000000e+00
-5.000000e+00 -2.777778e+00 -5.000000e+00
-5.000000e+00 -1.666667e+00 -5.000000e+00
-5.000000e+00 -5.555556e-01 -5.000000e+00
-5.000000e+00 5.555556e-01 -5.000000e+00
-5.000000e+00 1.666667e+00 -5.000000e+00
-5.000000e+00 2.777778e+00 -5.000000e+00
-5.000000e+00 3.888889e+00 -5.000000e+00
-5.000000e+00 5.000000e+00 -5.000000e+00
-3.888889e+00 -5.000000e+00 -5.000000e+00
-1.853553e+00 -1.853553e+00 -5.500000e+00
-1.906867e+00 -1.362048e+00 -5.500000e+00
-1.959573e+00 -8.398168e-01 -5.500000e+00
-1.994975e+00 -2.849964e-01 -5.500000e+00
-1.994975e+00 2.849964e-01 -5.500000e+00
-1.959573e+00 8.398168e-01 -5.500000e+00
-1.906867e+00 1.362048e+00 -5.500000e+00
-1.853553e+00 1.853553e+00 -5.500000e+00
-3.888889e+00 5.000000e+00 -5.000000e+00
-2.777778e+00 -5.000000e+00 -5.000000e+00
-1.362048e+00 -1.906867e+00 -5.500000e+00
-1.707107e+00 -1.707107e+00 -6.500000e+00
-1.857493e+00 -1.114496e+00 -6.500000e+00
-1.980581e+00 -3.961161e-01 -6.500000e+00
-1.980581e+00 3.961161e-01 -6.500000e+00
-1.857493e+00 1.114496e+00 -6.500000e+00
-1.707107e+00 1.707107e+00 -6.500000e+00
-1.362048e+00 1.906867e+00 -5.500000e+00
-2.777778e+00 5.000000e+00 -5.000000e+00
-1.666667e+00 -5.000000e+00 -5.000000e+00
-8.398168e-01 -1.959573e+00 -5.500000e+00
-1.114496e+00 -1.857493e+00 -6.500000e+00
-2.340990e+00 -2.340990e+00 -7.000000e+00
-2.884537e+00 -9.615125e-01 -7.000000e+00
-2.884537e+00 9.615125e-01 -7.000000e+00
-2.340990e+00 2.340990e+00 -7.000000e+00
-1.114496e+00 1.857493e+00 -6.500000e+00
-8.398168e-01 1.959573e+00 -5.500000e+00
-1.666667e+00 5.000000e+00 -5.000000e+00
-5.555556e-01 -5.000000e+00 -5.000000e+00
-2.849964e-01 -1.994975e+00 -5.500000e+00
-3.961161e-01 -1.980581e+00 -6.500000e+00
-9.615125e-01 -2.884537e+00 -7.000000e+00
-2.121320e+00 -2.121320e+00 -8.000000e+00
-2.121320e+00 2.121320e+00 -8.000000e+00
-9.615125e-01 2.884537e+00 -7.000000e+00
-3.961161e-01 1.980581e+00 -6.500000e+00
-2.849964e-01 1.994975e+00 -5.500000e+00
-5.555556e-01 5.000000e+00 -5.000000e+00
5.555556e-01 -5.000000e+00 -5.000000e+00
2.849964e-01 -1.994975e+00 -5.500000e+00
3.961161e-01 -1.980581e+00 -6.500000e+00
9.615125e-01 -2.884537e+00 -7.000000e+00
2.121320e+00 -2.121320e+00 -8.000000e+00
2.121320e+00 2.121320e+00 -8.000000e+00
9.615125e-01 2.884537e+00 -7.000000e+00
3.961161e-01 1.980581e+00 -6.500000e+00
2.849964e-01 1.994975e+00 -5.500000e+00
5.555556e-01 5.000000e+00 -5.000000e+00
1.666667e+00 -5.000000e+00 -5.000000e+00
8.398168e-01 -1.959573e+00 -5.500000e+00
1.114496e+00 -1.857493e+00 -6.500000e+00
2.340990e+00 -2.340990e+00 -7.000000e+00
2.884537e+00 -9.615125e-01 -7.000000e+00
2.884537e+00 9.615125e-01 -7.000000e+00
2.340990e+00 2.340990e+00 -7.000000e+00
1.114496e+00 1.857493e+00 -6.500000e+00
8.398168e-01 1.959573e+00 -5.500000e+00
1.666667e+00 5.000000e+00 -5.000000e+00
2.777778e+00 -5.000000e+00 -5.000000e+00
1.362048e+00 -1.906867e+00 -5.500000e+00
1.707107e+00 -1.707107e+00 -6.500000e+00
1.857493e+00 -1.114496e+00 -6.500000e+00
1.980581e+00 -3.961161e-01 -6.500000e+00
1.980581e+00 3.961161e-01 -6.500000e+00
1.857493e+00 1.114496e+00 -6.500000e+00
1.707107e+00 1.707107e+00 -6.500000e+00
1.362048e+00 1.906867e+00 -5.500000e+00
2.777778e+00 5.000000e+00 -5.000000e+00
3.888889e+00 -5.000000e+00 -5.000000e+00
1.853553e+00 -1.853553e+00 -5.500000e+00
1.906867e+00 -1.362048e+00 -5.500000e+00
1.959573e+00 -8.398168e-01 -5.500000e+00
1.994975e+00 -2.849964e-01 -5.500000e+00
1.994975e+00 2.849964e-01 -5.500000e+00
1.959573e+00 8.398168e-01 -5.500000e+00
1.906867e+00 1.362048e+00 -5.500000e+00
1.853553e+00 1.853553e+00 -5.500000e+00
3.888889e+00 5.000000e+00 -5.000000e+00
5.000000e+00 -5.000000e+00 -5.000000e+00
5.000000e+00 -3.888889e+00 -5.000000e+00
5.000000e+00 -2.777778e+00 -5.000000e+00
5.000000e+00 -1.666667e+00 -5.000000e+00
5.000000e+00 -5.555556e-01 -5.000000e+00
5.000000e+00 5.555556e-01 -5.000000e+00
5.000000e+00 1.666667e+00 -5.000000e+00
5.000000e+00 2.777778e+00 -5.000000e+00
5.000000e+00 3.888889e+00 -5.000000e+00
5.000000e+00 5.000000e+00 -5.000000e+00
-5.000000e+00 -5.000000e+00 -3.888889e+00
-4.500000e+00 -1.853553e+00 -1.853553e+00
-4.500000e+00 -1.362048e+00 -1.906867e+00
-4.500000e+00 -8.398168e-01 -1.959573e+00
-4.500000e+00 -2.849964e-01 -1.994975e+00
-4.500000e+00 2.849964e-01 -1.994975e+00
-4.500000e+00 8.398168e-01 -1.959573e+00
-4.500000e+00 1.362048e+00 -1.906867e+00
-4.500000e+00 1.853553e+00 -1.853553e+00
-5.000000e+00 5.000000e+00 -3.888889e+00
-1.853553e+00 -5.500000e+00 -1.853553e+00
-3.888889e+00 -3.888889e+00 -3.888889e+00
-3.888889e+00 -2.777778e+00 -3.888889e+00
-3.888889e+00 -1.666667e+00 -3.888889e+00
-3.888889e+00 -5.555556e-01 -3.888889e+00
-3.888889e+00 5.555556e-01 -3.888889e+00
-3.888889e+00 1.666667e+00 -3.888889e+00
-3.888889e+00 2.777778e+00 -3.888889e+00
-3.888889e+00 3.888889e+00 -3.888889e+00
-1.853553e+00 5.500000e+00 -1.853553e+00
-1.362048e+00 -5.500000e+00 -1.906867e+00
-2.777778e+00 -3.888889e+00 -3.888889e+00
-2.777778e+00 -2.777778e+00 -3.888889e+00
-2.777778e+00 -1.666667e+00 -3.888889e+00
-2.777778e+00 -5.555556e-01 -3.888889e+00
-2.777778e+00 5.555556e-01 -3.888889e+00
-2.777778e+00 1.666667e+00 -3.888889e+00
-2.777778e+00 2.777778e+00 -3.888889e+00
-2.777778e+00 3.888889e+00 -3.888889e+00
-1.362048e+00 5.500000e+00 -1.906867e+00
-8.398168e-01 -5.500000e+00 -1.959573e+00
-1.666667e+00 -3.888889e+00 -3.888889e+00
-1.666667e+00 -2.777778e+00 -3.888889e+00
-1.666667e+00 -1.666667e+00 -3.888889e+00
-1.666667e+00 -5.555556e-01 -3.888889e+00
-1.666667e+00 5.555556e-01 -3.888889e+00
-1.666667e+00 1.666667e+00 -3.888889e+00
-1.666667e+00 2.777778e+00 -3.888889e+00
-1.666667e+00 3.888889e+00 -3.888889e+00
-8.398168e-01 5.500000e+00 -1.959573e+00
-2.849964e-01 -5.500000e+00 -1.994975e+00
-5.555556e-01 -3.888889e+00 -3.888889e+00
-5.555556e-01 -2.777778e+00 -3.888889e+00
-5.555556e-01 -1.666667e+00 -3.888889e+00
-5.555556e-01 -5.555556e-01 -3.888889e+00
-5.555556e-01 5.555556e-01 -3.888889e+00
-5.555556e-01 1.666667e+00 -3.888889e+00
-5.555556e-01 2.777778e+00 -3.888889e+00
-5.555556e-01 3.888889e+00 -3.888889e+00
-2.849964e-01 5.500000e+00 -1.994975e+00
2.849964e-01 -5.500000e+00 -1.994975e+00
5.555556e-01 -3.888889e+00 -3.888889e+00
5.555556e-01 -2.777778e+00 -3.888889e+00
5.555556e-01 -1.666667e+00 -3.888889e+00
5.555556e-01 -5.555556e-01 -3.888889e+00
5.555556e-01 5.555556e-01 -3.888889e+00
5.555556e-01 1.666667e+00 -3.888889e+00
5.555556e-01 2.777778e+00 -3.888889e+00
5.555556e-01 3.888889e+00 -3.888889e+00
2.849964e-01 5.500000e+00 -1.994975e+00
8.398168e-01 -5.500000e+00 -1.959573e+00
1.666667e+00 -3.888889e+00 -3.888889e+00
1.666667e+00 -2.777778e+00 -3.888889e+00
1.666667e+00 -1.666667e+00 -3.888889e+00
1.666667e+00 -5.555556e-01 -3.888889e+00
1.666667e+00 5.555556e-01 -3.888889e+00
1.666667e+00 1.666667e+00 -3.888889e+00
1.666667e+00 2.777778e+00 -3.888889e+00
1.666667e+00 3.888889e+00 -3.888889e+00
8.398168e-01 5.500000e+00 -1.959573e+00
1.362048e+00 -5.500000e+00 -1.906867e+00
2.777778e+00 -3.888889e+00 -3.888889e+00
2.777778e+00 -2.777778e+00 -3.888889e+00
2.777778e+00 -1.666667e+00 -3.888889e+00
2.777778e+00 -5.555556e-01 -3.888889e+00
2.777778e+00 5.555556e-01 -3.888889e+00
2.777778e+00 1.666667e+00 -3.888889e+00
2.777778e+00 2.777778e+00 -3.888889e+00
2.777778e+00 3.888889e+00 -3.888889e+00
1.362048e+00 5.500000e+00 -1.906867e+00
1.853553e+00 -5.500000e+00 -1.853553e+00
3.888889e+00 -3.888889e+00 -3.888889e+00
3.888889e+00 -2.777778e+00 -3.888889e+00
3.888889e+00 -1.666667e+00 -3.888889e+00
3.888889e+00 -5.555556e-01 -3.888889e+00
3.888889e+00 5.555556e-01 -3.888889e+00
3.888889e+00 1.666667e+00 -3.888889e+00
3.888889e+00 2.777778e+00 -3.888889e+00
3.888889e+00 3.888889e+00 -3.888889e+00
1.853553e+00 5.500000e+00 -1.853553e+00
5.000000e+00 -5.000000e+00 -3.888889e+00
4.500000e+00 -1.853553e+00 -1.853553e+00
4.500000e+00 -1.362048e+00 -1.906867e+00
4.500000e+00 -8.398168e-01 -1.959573e+00
4.500000e+00 -2.849964e-01 -1.994975e+00
4.500000e+00 2.849964e-01 -1.994975e+00
4.500000e+00 8.398168e-01 -1.959573e+00
4.500000e+00 1.362048e+00 -1.906867e+00
4.500000e+00 1.853553e+00 -1.853553e+00
5.000000e+00 5.000000e+00 -3.888889e+00
-5.000000e+00 -5.000000e+00 -2.777778e+00
-4.500000e+00 -1.906867e+00 -1.362048e+00
-3.500000e+00 -1.707107e+00 -1.707107e+00
-3.500000e+00 -1.114496e+00 -1.857493e+00
-3.500000e+00 -3.961161e-01 -1.980581e+00
-3.500000e+00 3.961161e-01 -1.980581e+00
-3.500000e+00 1.114496e+00 -1.857493e+00
-3.500000e+00 1.707107e+00 -1.707107e+00
-4.500000e+00 1.906867e+00 -1.362048e+00
-5.000000e+00 5.000000e+00 -2.777778e+00
-1.906867e+00 -5.500000e+00 -1.362048e+00
-3.888889e+00 -3.888889e+00 -2.777778e+00
-3.888889e+00 -2.777778e+00 -2.777778e+00
-3.888889e+00 -1.666667e+00 -2.777778e+00
-3.888889e+00 -5.555556e-01 -2.777778e+00
-3.888889e+00 5.555556e-01 -2.777778e+00
-3.888889e+00 1.666667e+00 -2.777778e+00
-3.888889e+00 2.777778e+00 -2.777778e+00
-3.888889e+00 3.888889e+00 -2.777778e+00
-1.906867e+00 5.500000e+00 -1.362048e+00
-1.707107e+00 -6.500000e+00 -1.707107e+00
-2.777778e+00 -3.888889e+00 -2.777778e+00
-2.777778e+00 -2.777778e+00 -2.777778e+00
-2.777778e+00 -1.666667e+00 -2.777778e+00
-2.777778e+00 -5.555556e-01 -2.777778e+00
-2.777778e+00 5.555556e-01 -2.777778e+00
-2.777778e+00 1.666667e+00 -2.777778e+00
-2.777778e+00 2.777778e+00 -2.777778e+00
-2.777778e+00 3.888889e+00 -2.777778e+00
-1.707107e+00 6.500000e+00 -1.707107e+00
-1.114496e+00 -6.500000e+00 -1.857493e+00
-1.666667e+00 -3.888889e+00 -2.777778e+00
-1.666667e+00 -2.777778e+00 -2.777778e+00
-1.666667e+00 -1.666667e+00 -2.777778e+00
-1.666667e+00 -5.555556e-01 -2.777778e+00
-1.666667e+00 5.555556e-01 -2.777778e+00
-1.666667e+00 1.666667e+00 -2.777778e+00
-1.666667e+00 2.777778e+00 -2.777778e+00
-1.666667e+00 3.888889e+00 -2.777778e+00
-1.114496e+00 6.500000e+00 -1.857493e+00
-3.961161e-01 -6.500000e+00 -1.980581e+00
-5.555556e-01 -3.888889e+00 -2.777778e+00
-5.555556e-01 -2.777778e+00 -2.777778e+00
-5.555556e-01 -1.666667e+00 -2.777778e+00
-5.555556e-01 -5.555556e-01 -2.777778e+00
-5.555556e-01 5.555556e-01 -2.777778e+00
-5.555556e-01 1.666667e+00 -2.777778e+00
-5.555556e-01 2.777778e+00 -2.777778e+00
-5.555556e-01 3.888889e+00 -2.777778e+00
-3.961161e-01 6.500000e+00 -1.980581e+00
3.961161e-01 -6.500000e+00 -1.980581e+00
5.555556e-01 -3.888889e+00 -2.777778e+00
5.555556e-01 -2.777778e+00 -2.777778e+00
5.555556e-01 -1.666667e+00 -2.777778e+00
5.555556e-01 -5.555556e-01 -2.777778e+00
5.555556e-01 5.555556e-01 -2.777778e+00
5.555556e-01 1.666667e+00 -2.777778e+00
5.555556e-01 2.777778e+00 -2.777778e+00
5.555556e-01 3.888889e+00 -2.777778e+00
3.961161e-01 6.500000e+00 -1.980581e+00
1.114496e+00 -6.500000e+00 -1.857493e+00
1.666667e+00 -3.888889e+00 -2.777778e+00
1.666667e+00 -2.777778e+00 -2.777778e+00
1.666667e+00 -1.666667e+00 -2.777778e+00
1.666667e+00 -5.555556e-01 -2.777778e+00
1.666667e+00 5.555556e-01 -2.777778e+00
1.666667e+00 1.666667e+00 -2.777778e+00
1.666667e+00 2.777778e+00 -2.777778e+00
1.666667e+00 3.888889e+00 -2.777778e+00
1.114496e+00 6.500000e+00 -1.857493e+00
1.707107e+00 -6.500000e+00 -1.707107e+00
2.777778e+00 -3.888889e+00 -2.777778e+00
2.777778e+00 -2.777778e+00 -2.777778e+00
2.777778e+00 -1.666667e+00 -2.777778e+00
2.777778e+00 -5.555556e-01 -2.777778e+00
2.777778e+00 5.555556e-01 -2.777778e+00
2.777778e+00 1.666667e+00 -2.777778e+00
2.777778e+00 2.777778e+00 -2.777778e+00
2.777778e+00 3.888889e+00 -2.777778e+00
1.707107e+00 6.500000e+00 -1.707107e+00
1.906867e+00 -5.500000e+00 -1.362048e+00
3.888889e+00 -3.888889e+00 -2.777778e+00
3.888889e+00 -2.777778e+00 -2.777778e+00
3.888889e+00 -1.666667e+00 -2.777778e+00
3.888889e+00 -5.555556e-01 -2.777778e+00
3.888889e+00 5.555556e-01 -2.777778e+00
3.888889e+00 1.666667e+00 -2.777778e+00
3.888889e+00 2.777778e+00 -2.777778e+00
3.888889e+00 3.888889e+00 -2.777778e+00
1.906867e+00 5.500000e+00 -1.362048e+00
5.000000e+00 -5.000000e+00 -2.777778e+00
4.500000e+00 -1.906867e+00 -1.362048e+00
3.500000e+00 -1.707107e+00 -1.707107e+00
3.500000e+00 -1.114496e+00 -1.857493e+00
3.500000e+00 -3.961161e-01 -1.980581e+00
3.500000e+00 3.961161e-01 -1.980581e+00
3.500000e+00 1.114496e+00 -1.857493e+00
3.500000e+00 1.707107e+00 -1.707107e+00
4.500000e+00 1.906867e+00 -1.362048e+00
5.000000e+00 5.000000e+00 -2.777778e+00
-5.000000e+00 -5.000000e+00 -1.666667e+00
-4.500000e+00 -1.959573e+00 -8.398168e-01
-3.500000e+00 -1.857493e+00 -1.114496e+00
-3.000000e+00 -2.340990e+00 -2.340990e+00
-3.000000e+00 -9.615125e-01 -2.884537e+00
-3.000000e+00 9.615125e-01 -2.884537e+00
-3.000000e+00 2.340990e+00 -2.340990e+00
-3.500000e+00 1.857493e+00 -1.114496e+00
-4.500000e+00 1.959573e+00 -8.398168e-01
-5.000000e+00 5.000000e+00 -1.666667e+00
-1.959573e+00 -5.500000e+00 -8.398168e-01
-3.888889e+00 -3.888889e+00 -1.666667e+00
-3.888889e+00 -2.777778e+00 -1.666667e+00
-3.888889e+00 -1.666667e+00 -1.666667e+00
-3.888889e+00 -5.555556e-01 -1.666667e+00
-3.888889e+00 5.555556e-01 -1.666667e+00
-3.888889e+00 1.666667e+00 -1.666667e+00
-3.888889e+00 2.777778e+00 -1.666667e+00
-3.888889e+00 3.888889e+00 -1.666667e+00
-1.959573e+00 5.500000e+00 -8.398168e-01
-1.857493e+00 -6.500000e+00 -1.114496e+00
-2.777778e+00 -3.888889e+00 -1.666667e+00
-2.777778e+00 -2.777778e+00 -1.666667e+00
-2.777778e+00 -1.666667e+00 -1.666667e+00
-2.777778e+00 -5.555556e-01 -1.666667e+00
-2.777778e+00 5.555556e-01 -1.666667e+00
-2.777778e+00 1.666667e+00 -1.666667e+00
-2.777778e+00 2.777778e+00 -1.666667e+00
-2.777778e+00 3.888889e+00 -1.666667e+00
-1.857493e+00 6.500000e+00 -1.114496e+00
-2.340990e+00 -7.000000e+00 -2.340990e+00
-1.666667e+00 -3.888889e+00 -1.666667e+00
-1.666667e+00 -2.777778e+00 -1.666667e+00
-1.666667e+00 -1.666667e+00 -1.666667e+00
-1.666667e+00 -5.555556e-01 -1.666667e+00
-1.666667e+00 5.555556e-01 -1.666667e+00
-1.666667e+00 1.666667e+00 -1.666667e+00
-1.666667e+00 2.777778e+00 -1.666667e+00
-1.666667e+00 3.888889e+00 -1.666667e+00
-2.340990e+00 7.000000e+00 -2.340990e+00
-9.615125e-01 -7.000000e+00 -2.884537e+00
-5.555556e-01 -3.888889e+00 -1.666667e+00
-5.555556e-01 -2.777778e+00 -1.666667e+00
-5.555556e-01 -1.666667e+00 -1.666667e+00
-5.555556e-01 -5.555556e-01 -1.666667e+00
-5.555556e-01 5.555556e-01 -1.666667e+00
-5.555556e-01 1.666667e+00 -1.666667e+00
-5.555556e-01 2.777778e+00 -1.666667e+00
-5.555556e-01 3.888889e+00 -1.666667e+00
-9.615125e-01 7.000000e+00 -2.884537e+00
9.615125e-01 -7.000000e+00 -2.884537e+00
5.555556e-01 -3.888889e+00 -1.666667e+00
5.555556e-01 -2.777778e+00 -1.666667e+00
5.555556e-01 -1.666667e+00 -1.666667e+00
5.555556e-01 -5.555556e-01 -1.666667e+00
5.555556e-01 5.555556e-01 -1.666667e+00
5.555556e-01 1.666667e+00 -1.666667e+00
5.555556e-01 2.777778e+00 -1.666667e+00
5.555556e-01 3.888889e+00 -1.666667e+00
9.615125e-01 7.000000e+00 -2.884537e+00
2.340990e+00 -7.000000e+00 -2.340990e+00
1.666667e+00 -3.888889e+00 -1.666667e+00
1.666667e+00 -2.777778e+00 -1.666667e+00
1.666667e+00 -1.666667e+00 -1.666667e+00
1.666667e+00 -5.555556e-01 -1.666667e+00
1.666667e+00 5.555556e-01 -1.666667e+00
1.666667e+00 1.666667e+00 -1.666667e+00
1.666667e+00 2.777778e+00 -1.666667e+00
1.666667e+00 3.888889e+00 -1.666667e+00
2.340990e+00 7.000000e+00 -2.340990e+00
1.857493e+00 -6.500000e+00 -1.114496e+00
2.777778e+00 -3.888889e+00 -1.666667e+00
2.777778e+00 -2.777778e+00 -1.666667e+00
2.777778e+00 -1.666667e+00 -1.666667e+00
2.777778e+00 -5.555556e-01 -1.666667e+00
2.777778e+00 5.555556e-01 -1.666667e+00
2.777778e+00 1.666667e+00 -1.666667e+00
2.777778e+00 2.777778e+00 -1.666667e+00
2.777778e+00 3.888889e+00 -1.666667e+00
1.857493e+00 6.500000e+00 -1.114496e+00
1.959573e+00 -5.500000e+00 -8.398168e-01
3.888889e+00 -3.888889e+00 -1.666667e+00
3.888889e+00 -2.777778e+00 -1.666667e+00
3.888889e+00 -1.666667e+00 -1.666667e+00
3.888889e+00 -5.555556e-01 -1.666667e+00
3.888889e+00 5.555556e-01 -1.666667e+00
3.888889e+00 1.666667e+00 -1.666667e+00
3.888889e+00 2.777778e+00 -1.666667e+00
3.888889e+00 3.888889e+00 -1.666667e+00
1.959573e+00 5.500000e+00 -8.398168e-01
5.000000e+00 -5.000000e+00 -1.666667e+00
4.500000e+00 -1.959573e+00 -8.398168e-01
3.500000e+00 -1.857493e+00 -1.114496e+00
3.000000e+00 -2.340990e+00 -2.340990e+00
3.000000e+00 -9.615125e-01 -2.884537e+00
3.000000e+00 9.615125e-01 -2.884537e+00
3.000000e+00 2.340990e+00 -2.340990e+00
3.500000e+00 1.857493e+00 -1.114496e+00
4.500000e+00 1.959573e+00 -8.398168e-01
5.000000e+00 5.000000e+00 -1.666667e+00
-5.000000e+00 -5.000000e+00 -5.555556e-01
-4.500000e+00 -1.994975e+00 -2.849964e-01
-3.500000e+00 -1.980581e+00 -3.961161e-01
-3.000000e+00 -2.884537e+00 -9.615125e-01
-2.000000e+00 -2.121320e+00 -2.121320e+00
-2.000000e+00 2.121320e+00 -2.121320e+00
-3.000000e+00 2.884537e+00 -9.615125e-01
-3.500000e+00 1.980581e+00 -3.961161e-01
-4.500000e+00 1.994975e+00 -2.849964e-01
-5.000000e+00 5.000000e+00 -5.555556e-01
-1.994975e+00 -5.500000e+00 -2.849964e-01
-3.888889e+00 -3.888889e+00 -5.555556e-01
-3.888889e+00 -2.777778e+00 -5.555556e-01
-3.888889e+00 -1.666667e+00 -5.555556e-01
-3.888889e+00 -5.555556e-01 -5.555556e-01
-3.888889e+00 5.555556e-01 -5.555556e-01
-3.888889e+00 1.666667e+00 -5.555556e-01
-3.888889e+00 2.777778e+00 -5.555556e-01
-3.888889e+00 3.888889e+00 -5.555556e-01
-1.994975e+00 5.500000e+00 -2.849964e-01
-1.980581e+00 -6.500000e+00 -3.961161e-01
-2.777778e+00 -3.888889e+00 -5.555556e-01
-2.777778e+00 -2.777778e+00 -5.555556e-01
-2.777778e+00 -1.666667e+00 -5.555556e-01
-2.777778e+00 -5.555556e-01 -5.555556e-01
-2.777778e+00 5.555556e-01 -5.555556e-01
-2.777778e+00 1.666667e+00 -5.555556e-01
-2.777778e+00 2.777778e+00 -5.555556e-01
-2.777778e+00 3.888889e+00 -5.555556e-01
-1.980581e+00 6.500000e+00 -3.961161e-01
-2.884537e+00 -7.000000e+00 -9.615125e-01
-1.666667e+00 -3.888889e+00 -5.555556e-01
-1.666667e+00 -2.777778e+00 -5.555556e-01
-1.666667e+00 -1.666667e+00 -5.555556e-01
-1.666667e+00 -5.555556e-01 -5.555556e-01
-1.666667e+00 5.555556e-01 -5.555556e-01
-1.666667e+00 1.666667e+00 -5.555556e-01
-1.666667e+00 2.777778e+00 -5.555556e-01
-1.666667e+00 3.888889e+00 -5.555556e-01
-2.884537e+00 7.000000e+00 -9.615125e-01
-2.121320e+00 -8.000000e+00 -2.121320e+00
-5.555556e-01 -3.888889e+00 -5.555556e-01
-5.555556e-01 -2.777778e+00 -5.555556e-01
-5.555556e-01 -1.666667e+00 -5.555556e-01
-5.555556e-01 -5.555556e-01 -5.555556e-01
-5.555556e-01 5.555556e-01 -5.555556e-01
-5.555556e-01 1.666667e+00 -5.555556e-01
-5.555556e-01 2.777778e+00 -5.555556e-01
-5.555556e-01 3.888889e+00 -5.555556e-01
-2.121320e+00 8.000000e+00 -2.121320e+00
2.121320e+00 -8.000000e+00 -2.121320e+00
5.555556e-01 -3.888889e+00 -5.555556e-01
5.555556e-01 -2.777778e+00 -5.555556e-01
5.555556e-01 -1.666667e+00 -5.555556e-01
5.555556e-01 -5.555556e-01 -5.555556e-01
5.555556e-01 5.555556e-01 -5.555556e-01
5.555556e-01 1.666667e+00 -5.555556e-01
5.555556e-01 2.777778e+00 -5.555556e-01
5.555556e-01 3.888889e+00 -5.555556e-01
2.121320e+00 8.000000e+00 -2.121320e+00
2.884537e+00 -7.000000e+00 -9.615125e-01
1.666667e+00 -3.888889e+00 -5.555556e-01
1.666667e+00 -2.777778e+00 -5.555556e-01
1.666667e+00 -1.666667e+00 -5.555556e-01
1.666667e+00 -5.555556e-01 -5.555556e-01
1.666667e+00 5.555556e-01 -5.555556e-01
1.666667e+00 1.666667e+00 -5.555556e-01
1.666667e+00 2.777778e+00 -5.555556e-01
1.666667e+00 3.888889e+00 -5.555556e-01
2.884537e+00 7.000000e+00 -9.615125e-01
1.980581e+00 -6.500000e+00 -3.961161e-01
2.777778e+00 -3.888889e+00 -5.555556e-01
2.777778e+00 -2.777778e+00 -5.555556e-01
2.777778e+00 -1.666667e+00 -5.555556e-01
2.777778e+00 -5.555556e-01 -5.555556e-01
2.777778e+00 5.555556e-01 -5.555556e-01
2.777778e+00 1.666667e+00 -5.555556e-01
2.777778e+00 2.777778e+00 -5.555556e-01
2.777778e+00 3.888889e+00 -5.555556e-01
1.980581e+00 6.500000e+00 -3.961161e-01
1.994975e+00 -5.500000e+00 -2.849964e-01
3.888889e+00 -3.888889e+00 -5.555556e-01
3.888889e+00 -2.777778e+00 -5.555556e-01
3.888889e+00 -1.666667e+00 -5.555556e-01
3.888889e+00 -5.555556e-01 -5.555556e-01
3.888889e+00 5.555556e-01 -5.555556e-01
3.888889e+00 1.666667e+00 -5.555556e-01
3.888889e+00 2.777778e+00 -5.555556e-01
3.888889e+00 3.888889e+00 -5.555556e-01
1.994975e+00 5.500000e+00 -2.849964e-01
5.000000e+00 -5.000000e+00 -5.555556e-01
4.500000e+00 -1.994975e+00 -2.849964e-01
3.500000e+00 -1.980581e+00 -3.961161e-01
3.000000e+00 -2.884537e+00 -9.615125e-01
2.000000e+00 -2.121320e+00 -2.121320e+00
2.000000e+00 2.121320e+00 -2.121320e+00
3.000000e+00 2.884537e+00 -9.615125e-01
3.500000e+00 1.980581e+00 -3.961161e-01
4.500000e+00 1.994975e+00 -2.849964e-01
5.000000e+00 5.000000e+00 -5.555556e-01
-5.000000e+00 -5.000000e+00 5.555556e-01
-4.500000e+00 -1.994975e+00 2.849964e-01
-3.500000e+00 -1.980581e+00 3.961161e-01
-3.000000e+00 -2.884537e+00 9.615125e-01
-2.000000e+00 -2.121320e+00 2.121320e+00
-2.000000e+00 2.121320e+00 2.121320e+00
-3.000000e+00 2.884537e+00 9.615125e-01
-3.500000e+00 1.980581e+00 3.961161e-01
-4.500000e+00 1.994975e+00 2.849964e-01
-5.000000e+00 5.000000e+00 5.555556e-01
-1.994975e+00 -5.500000e+00 2.849964e-01
-3.888889e+00 -3.888889e+00 5.555556e-01
-3.888889e+00 -2.777778e+00 5.555556e-01
-3.888889e+00 -1.666667e+00 5.555556e-01
-3.888889e+00 -5.555556e-01 5.555556e-01
-3.888889e+00 5.555556e-01 5.555556e-01
-3.888889e+00 1.666667e+00 5.555556e-01
-3.888889e+00 2.777778e+00 5.555556e-01
-3.888889e+00 3.888889e+00 5.555556e-01
-1.994975e+00 5.500000e+00 2.849964e-01
-1.980581e+00 -6.500000e+00 3.961161e-01
-2.777778e+00 -3.888889e+00 5.555556e-01
-2.777778e+00 -2.777778e+00 5.555556e-01
-2.777778e+00 -1.666667e+00 5.555556e-01
-2.777778e+00 -5.555556e-01 5.555556e-01
-2.777778e+00 5.555556e-01 5.555556e-01
-2.777778e+00 1.666667e+00 5.555556e-01
-2.777778e+00 2.777778e+00 5.555556e-01
-2.777778e+00 3.888889e+00 5.555556e-01
-1.980581e+00 6.500000e+00 3.961161e-01
-2.884537e+00 -7.000000e+00 9.615125e-01
-1.666667e+00 -3.888889e+00 5.555556e-01
-1.666667e+00 -2.777778e+00 5.555556e-01
-1.666667e+00 -1.666667e+00 5.555556e-01
-1.666667e+00 -5.555556e-01 5.555556e-01
-1.666667e+00 5.555556e-01 5.555556e-01
-1.666667e+00 1.666667e+00 5.555556e-01
-1.666667e+00 2.777778e+00 5.555556e-01
-1.666667e+00 3.888889e+00 5.555556e-01
-2.884537e+00 7.000000e+00 9.615125e-01
-2.121320e+00 -8.000000e+00 2.121320e+00
-5.555556e-01 -3.888889e+00 5.555556e-01
-5.555556e-01 -2.777778e+00 5.555556e-01
-5.555556e-01 -1.666667e+00 5.555556e-01
-5.555556e-01 -5.555556e-01 5.555556e-01
-5.555556e-01 5.555556e-01 5.555556e-01
-5.555556e-01 1.666667e+00 5.555556e-01
-5.555556e-01 2.777778e+00 5.555556e-01
-5.555556e-01 3.888889e+00 5.555556e-01
-2.121320e+00 8.000000e+00 2.121320e+00
2.121320e+00 -8.000000e+00 2.121320e+00
5.555556e-01 -3.888889e+00 5.555556e-01
5.555556e-01 -2.777778e+00 5.555556e-01
5.555556e-01 -1.666667e+00 5.555556e-01
5.555556e-01 -5.555556e-01 5.555556e-01
5.555556e-01 5.555556e-01 5.555556e-01
5.555556e-01 1.666667e+00 5.555556e-01
5.555556e-01 2.777778e+00 5.555556e-01
5.555556e-01 3.888889e+00 5.555556e-01
2.121320e+00 8.000000e+00 2.121320e+00
2.884537e+00 -7.000000e+00 9.615125e-01
1.666667e+00 -3.888889e+00 5.555556e-01
1.666667e+00 -2.777778e+00 5.555556e-01
1.666667e+00 -1.666667e+00 5.555556e-01
1.666667e+00 -5.555556e-01 5.555556e-01
1.666667e+00 5.555556e-01 5.555556e-01
1.666667e+00 1.666667e+00 5.555556e-01
1.666667e+00 2.777778e+00 5.555556e-01
1.666667e+00 3.888889e+00 5.555556e-01
2.884537e+00 7.000000e+00 9.615125e-01
1.980581e+00 -6.500000e+00 3.961161e-01
2.777778e+00 -3.888889e+00 5.555556e-01
2.777778e+00 -2.777778e+00 5.555556e-01
2.777778e+00 -1.666667e+00 5.555556e-01
2.777778e+00 -5.555556e-01 5.555556e-01
2.777778e+00 5.555556e-01 5.555556e-01
2.777778e+00 1.666667e+00 5.555556e-01
2.777778e+00 2.777778e+00 5.555556e-01
2.777778e+00 3.888889e+00 5.555556e-01
1.980581e+00 6.500000e+00 3.961161e-01
1.994975e+00 -5.500000e+00 2.849964e-01
3.888889e+00 -3.888889e+00 5.555556e-01
3.888889e+00 -2.777778e+00 5.555556e-01
3.888889e+00 -1.666667e+00 5.555556e-01
3.888889e+00 -5.555556e-01 5.555556e-01
3.888889e+00 5.555556e-01 5.555556e-01
3.888889e+00 1.666667e+00 5.555556e-01
3.888889e+00 2.777778e+00 5.555556e-01
3.888889e+00 3.888889e+00 5.555556e-01
1.994975e+00 5.500000e+00 2.849964e-01
5.000000e+00 -5.000000e+00 5.555556e-01
4.500000e+00 -1.994975e+00 2.849964e-01
3.500000e+00 -1.980581e+00 3.961161e-01
3.000000e+00 -2.884537e+00 9.615125e-01
2.000000e+00 -2.121320e+00 2.121320e+00
2.000000e+00 2.121320e+00 2.121320e+00
3.000000e+00 2.884537e+00 9.615125e-01
3.500000e+00 1.980581e+00 3.961161e-01
4.500000e+00 1.994975e+00 2.849964e-01
5.000000e+00 5.000000e+00 5.555556e-01
-5.000000e+00 -5.000000e+00 1.666667e+00
-4.500000e+00 -1.959573e+00 8.398168e-01
-3.500000e+00 -1.857493e+00 1.114496e+00
-3.000000e+00 -2.340990e+00 2.340990e+00
-3.000000e+00 -9.615125e-01 2.884537e+00
-3.000000e+00 9.615125e-01 2.884537e+00
-3.000000e+00 2.340990e+00 2.340990e+00
-3.500000e+00 1.857493e+00 1.114496e+00
-4.500000e+00 1.959573e+00 8.398168e-01
-5.000000e+00 5.000000e+00 1.666667e+00
-1.959573e+00 -5.500000e+00 8.398168e-01
-3.888889e+00 -3.888889e+00 1.666667e+00
-3.888889e+00 -2.777778e+00 1.666667e+00
-3.888889e+00 -1.666667e+00 1.666667e+00
-3.888889e+00 -5.555556e-01 1.666667e+00
-3.888889e+00 5.555556e-01 1.666667e+00
-3.888889e+00 1.666667e+00 1.666667e+00
-3.888889e+00 2.777778e+00 1.666667e+00
-3.888889e+00 3.888889e+00 1.666667e+00
-1.959573e+00 5.500000e+00 8.398168e-01
-1.857493e+00 -6.500000e+00 1.114496e+00
-2.777778e+00 -3.888889e+00 1.666667e+00
-2.777778e+00 -2.777778e+00 1.666667e+00
-2.777778e+00 -1.666667e+00 1.666667e+00
-2.777778e+00 -5.555556e-01 1.666667e+00
-2.777778e+00 5.555556e-01 1.666667e+00
-2.777778e+00 1.666667e+00 1.666667e+00
-2.777778e+00 2.777778e+00 1.666667e+00
-2.777778e+00 3.888889e+00 1.666667e+00
-1.857493e+00 6.500000e+00 1.114496e+00
-2.340990e+00 -7.000000e+00 2.340990e+00
-1.666667e+00 -3.888889e+00 1.666667e+00
-1.666667e+00 -2.777778e+00 1.666667e+00
-1.666667e+00 -1.666667e+00 1.666667e+00
-1.666667e+00 -5.555556e-01 1.666667e+00
-1.666667e+00 5.555556e-01 1.666667e+00
-1.666667e+00 1.666667e+00 1.666667e+00
-1.666667e+00 2.777778e+00 1.666667e+00
-1.666667e+00 3.888889e+00 1.666667e+00
-2.340990e+00 7.000000e+00 2.340990e+00
-9.615125e-01 -7.000000e+00 2.884537e+00
-5.555556e-01 -3.888889e+00 1.666667e+00
-5.555556e-01 -2.777778e+00 1.666667e+00
-5.555556e-01 -1.666667e+00 1.666667e+00
-5.555556e-01 -5.555556e-01 1.666667e+00
-5.555556e-01 5.555556e-01 1.666667e+00
-5.555556e-01 1.666667e+00 1.666667e+00
-5.555556e-01 2.777778e+00 1.666667e+00
-5.555556e-01 3.888889e+00 1.666667e+00
-9.615125e-01 7.000000e+00 2.884537e+00
9.615125e-01 -7.000000e+00 2.884537e+00
5.555556e-01 -3.888889e+00 1.666667e+00
5.555556e-01 -2.777778e+00 1.666667e+00
5.555556e-01 -1.666667e+00 1.666667e+00
5.555556e-01 -5.555556e-01 1.666667e+00
5.555556e-01 5.555556e-01 1.666667e+00
5.555556e-01 1.666667e+00 1.666667e+00
5.555556e-01 2.777778e+00 1.666667e+00
5.555556e-01 3.888889e+00 1.666667e+00
9.615125e-01 7.000000e+00 2.884537e+00
2.340990e+00 -7.000000e+00 2.340990e+00
1.666667e+00 -3.888889e+00 1.666667e+00
1.666667e+00 -2.777778e+00 1.666667e+00
1.666667e+00 -1.666667e+00 1.666667e+00
1.666667e+00 -5.555556e-01 1.666667e+00
1.666667e+00 5.555556e-01 1.666667e+00
1.666667e+00 1.666667e+00 1.666667e+00
1.666667e+00 2.777778e+00 1.666667e+00
1.666667e+00 3.888889e+00 1.666667e+00
2.340990e+00 7.000000e+00 2.340990e+00
1.857493e+00 -6.500000e+00 1.114496e+00
2.777778e+00 -3.888889e+00 1.666667e+00
2.777778e+00 -2.777778e+00 1.666667e+00
2.777778e+00 -1.666667e+00 1.666667e+00
2.777778e+00 -5.555556e-01 1.666667e+00
2.777778e+00 5.555556e-01 1.666667e+00
2.777778e+00 1.666667e+00 1.666667e+00
2.777778e+00 2.777778e+00 1.666667e+00
2.777778e+00 3.888889e+00 1.666667e+00
1.857493e+00 6.500000e+00 1.114496e+00
1.959573e+00 -5.500000e+00 8.398168e-01
3.888889e+00 -3.888889e+00 1.666667e+00
3.888889e+00 -2.777778e+00 1.666667e+00
3.888889e+00 -1.666667e+00 1.666667e+00
3.888889e+00 -5.555556e-01 1.666667e+00
3.888889e+00 5.555556e-01 1.666667e+00
3.888889e+00 1.666667e+00 1.666667e+00
3.888889e+00 2.777778e+00 1.666667e+00
3.888889e+00 3.888889e+00 1.666667e+00
1.959573e+00 5.500000e+00 8.398168e-01
5.000000e+00 -5.000000e+00 1.666667e+00
4.500000e+00 -1.959573e+00 8.398168e-01
3.500000e+00 -1.857493e+00 1.114496e+00
3.000000e+00 -2.340990e+00 2.340990e+00
3.000000e+00 -9.615125e-01 2.884537e+00
3.000000e+00 9.615125e-01 2.884537e+00
3.000000e+00 2.340990e+00 2.340990e+00
3.500000e+00 1.857493e+00 1.114496e+00
4.500000e+00 1.959573e+00 8.398168e-01
5.000000e+00 5.000000e+00 1.666667e+00
-5.000000e+00 -5.000000e+00 2.777778e+00
-4.500000e+00 -1.906867e+00 1.362048e+00
-3.500000e+00 -1.707107e+00 1.707107e+00
-3.500000e+00 -1.114496e+00 1.857493e+00
-3.500000e+00 -3.961161e-01 1.980581e+00
-3.500000e+00 3.961161e-01 1.980581e+00
-3.500000e+00 1.114496e+00 1.857493e+00
-3.500000e+00 1.707107e+00 1.707107e+00
-4.500000e+00 1.906867e+00 1.362048e+00
-5.000000e+00 5.000000e+00 2.777778e+00
-1.906867e+00 -5.500000e+00 1.362048e+00
-3.888889e+00 -3.888889e+00 2.777778e+00
-3.888889e+00 -2.777778e+00 2.777778e+00
-3.888889e+00 -1.666667e+00 2.777778e+00
-3.888889e+00 -5.555556e-01 2.777778e+00
-3.888889e+00 5.555556e-01 2.777778e+00
-3.888889e+00 1.666667e+00 2.777778e+00
-3.888889e+00 2.777778e+00 2.777778e+00
-3.888889e+00 3.888889e+00 2.777778e+00
-1.906867e+00 5.500000e+00 1.362048e+00
-1.707107e+00 -6.500000e+00 1.707107e+00
-2.777778e+00 -3.888889e+00 2.777778e+00
-2.777778e+00 -2.777778e+00 2.777778e+00
-2.777778e+00 -1.666667e+00 2.777778e+00
-2.777778e+00 -5.555556e-01 2.777778e+00
-2.777778e+00 5.555556e-01 2.777778e+00
-2.777778e+00 1.666667e+00 2.777778e+00
-2.777778e+00 2.777778e+00 2.777778e+00
-2.777778e+00 3.888889e+00 2.777778e+00
-1.707107e+00 6.500000e+00 1.707107e+00
-1.114496e+00 -6.500000e+00 1.857493e+00
-1.666667e+00 -3.888889e+00 2.777778e+00
-1.666667e+00 -2.777778e+00 2.777778e+00
-1.666667e+00 -1.666667e+00 2.777778e+00
-1.666667e+00 -5.555556e-01 2.777778e+00
-1.666667e+00 5.555556e-01 2.777778e+00
-1.666667e+00 1.666667e+00 2.777778e+00
-1.666667e+00 2.777778e+00 2.777778e+00
-1.666667e+00 3.888889e+00 2.777778e+00
-1.114496e+00 6.500000e+00 1.857493e+00
-3.961161e-01 -6.500000e+00 1.980581e+00
-5.555556e-01 -3.888889e+00 2.777778e+00
-5.555556e-01 -2.777778e+00 2.777778e+00
-5.555556e-01 -1.666667e+00 2.777778e+00
-5.555556e-01 -5.555556e-01 2.777778e+00
-5.555556e-01 5.555556e-01 2.777778e+00
-5.555556e-01 1.666667e+00 2.777778e+00
-5.555556e-01 2.777778e+00 2.777778e+00
-5.555556e-01 3.888889e+00 2.777778e+00
-3.961161e-01 6.500000e+00 1.980581e+00
3.961161e-01 -6.500000e+00 1.980581e+00
5.555556e-01 -3.888889e+00 2.777778e+00
5.555556e-01 -2.777778e+00 2.777778e+00
5.555556e-01 -1.666667e+00 2.777778e+00
5.555556e-01 -5.555556e-01 2.777778e+00
5.555556e-01 5.555556e-01 2.777778e+00
5.555556e-01 1.666667e+00 2.777778e+00
5.555556e-01 2.777778e+00 2.777778e+00
5.555556e-01 3.888889e+00 2.777778e+00
3.961161e-01 6.500000e+00 1.980581e+00
1.114496e+00 -6.500000e+00 1.857493e+00
1.666667e+00 -3.888889e+00 2.777778e+00
1.666667e+00 -2.777778e+00 2.777778e+00
1.666667e+00 -1.666667e+00 2.777778e+00
1.666667e+00 -5.555556e-01 2.777778e+00
1.666667e+00 5.555556e-01 2.777778e+00
1.666667e+00 1.666667e+00 2.777778e+00
1.666667e+00 2.777778e+00 2.777778e+00
1.666667e+00 3.888889e+00 2.777778e+00
1.114496e+00 6.500000e+00 1.857493e+00
1.707107e+00 -6.500000e+00 1.707107e+00
2.777778e+00 -3.888889e+00 2.777778e+00
2.777778e+00 -2.777778e+00 2.777778e+00
2.777778e+00 -1.666667e+00 2.777778e+00
2.777778e+00 -5.555556e-01 2.777778e+00
2.777778e+00 5.555556e-01 2.777778e+00
2.777778e+00 1.666667e+00 2.777778e+00
2.777778e+00 2.777778e+00 2.777778e+00
2.777778e+00 3.888889e+00 2.777778e+00
1.707107e+00 6.500000e+00 1.707107e+00
1.906867e+00 -5.500000e+00 1.362048e+00
3.888889e+00 -3.888889e+00 2.777778e+00
3.888889e+00 -2.777778e+00 2.777778e+00
3.888889e+00 -1.666667e+00 2.777778e+00
3.888889e+00 -5.555556e-01 2.777778e+00
3.888889e+00 5.555556e-01 2.777778e+00
3.888889e+00 1.666667e+00 2.777778e+00
3.888889e+00 2.777778e+00 2.777778e+00
3.888889e+00 3.888889e+00 2.777778e+00
1.906867e+00 5.500000e+00 1.362048e+00
5.000000e+00 -5.000000e+00 2.777778e+00
4.500000e+00 -1.906867e+00 1.362048e+00
3.500000e+00 -1.707107e+00 1.707107e+00
3.500000e+00 -1.114496e+00 1.857493e+00
3.500000e+00 -3.961161e-01 1.980581e+00
3.500000e+00 3.961161e-01 1.980581e+00
3.500000e+00 1.114496e+00 1.857493e+00
3.500000e+00 1.707107e+00 1.707107e+00
4.500000e+00 1.906867e+00 1.362048e+00
5.000000e+00 5.000000e+00 2.777778e+00
-5.000000e+00 -5.000000e+00 3.888889e+00
-4.500000e+00 -1.853553e+00 1.853553e+00
-4.500000e+00 -1.362048e+00 1.906867e+00
-4.500000e+00 -8.398168e-01 1.959573e+00
-4.500000e+00 -2.849964e-01 1.994975e+00
-4.500000e+00 2.849964e-01 1.994975e+00
-4.500000e+00 8.398168e-01 1.959573e+00
-4.500000e+00 1.362048e+00 1.906867e+00
-4.500000e+00 1.853553e+00 1.853553e+00
-5.000000e+00 5.000000e+00 3.888889e+00
-1.853553e+00 -5.500000e+00 1.853553e+00
-3.888889e+00 -3.888889e+00 3.888889e+00
-3.888889e+00 -2.777778e+00 3.888889e+00
-3.888889e+00 -1.666667e+00 3.888889e+00
-3.888889e+00 -5.555556e-01 3.888889e+00
-3.888889e+00 5.555556e-01 3.888889e+00
-3.888889e+00 1.666667e+00 3.888889e+00
-3.888889e+00 2.777778e+00 3.888889e+00
-3.888889e+00 3.888889e+00 3.888889e+00
-1.853553e+00 5.500000e+00 1.853553e+00
-1.362048e+00 -5.500000e+00 1.906867e+00
-2.777778e+00 -3.888889e+00 3.888889e+00
-2.777778e+00 -2.777778e+00 3.888889e+00
-2.777778e+00 -1.666667e+00 3.888889e+00
-2.777778e+00 -5.555556e-01 3.888889e+00
-2.777778e+00 5.555556e-01 3.888889e+00
-2.777778e+00 1.666667e+00 3.888889e+00
-2.777778e+00 2.777778e+00 3.888889e+00
-2.777778e+00 3.888889e+00 3.888889e+00
-1.362048e+00 5.500000e+00 1.906867e+00
-8.398168e-01 -5.500000e+00 1.959573e+00
-1.666667e+00 -3.888889e+00 3.888889e+00
-1.666667e+00 -2.777778e+00 3.888889e+00
-1.666667e+00 -1.666667e+00 3.888889e+00
-1.666667e+00 -5.555556e-01 3.888889e+00
-1.666667e+00 5.555556e-01 3.888889e+00
-1.666667e+00 1.666667e+00 3.888889e+00
-1.666667e+00 2.777778e+00 3.888889e+00
-1.666667e+00 3.888889e+00 3.888889e+00
-8.398168e-01 5.500000e+00 1.959573e+00
-2.849964e-01 -5.500000e+00 1.994975e+00
-5.555556e-01 -3.888889e+00 3.888889e+00
-5.555556e-01 -2.777778e+00 3.888889e+00
-5.555556e-01 -1.666667e+00 3.888889e+00
-5.555556e-01 -5.555556e-01 3.888889e+00
-5.555556e-01 5.555556e-01 3.888889e+00
-5.555556e-01 1.666667e+00 3.888889e+00
-5.555556e-01 2.777778e+00 3.888889e+00
-5.555556e-01 3.888889e+00 3.888889e+00
-2.849964e-01 5.500000e+00 1.994975e+00
2.849964e-01 -5.500000e+00 1.994975e+00
5.555556e-01 -3.888889e+00 3.888889e+00
5.555556e-01 -2.777778e+00 3.888889e+00
5.555556e-01 -1.666667e+00 3.888889e+00
5.555556e-01 -5.555556e-01 3.888889e+00
5.555556e-01 5.555556e-01 3.888889e+00
5.555556e-01 1.666667e+00 3.888889e+00
5.555556e-01 2.777778e+00 3.888889e+00
5.555556e-01 3.888889e+00 3.888889e+00
2.849964e-01 5.500000e+00 1.994975e+00
8.398168e-01 -5.500000e+00 1.959573e+00
1.666667e+00 -3.888889e+00 3.888889e+00
1.666667e+00 -2.777778e+00 3.888889e+00
1.666667e+00 -1.666667e+00 3.888889e+00
1.666667e+00 -5.555556e-01 3.888889e+00
1.666667e+00 5.555556e-01 3.888889e+00
1.666667e+00 1.666667e+00 3.888889e+00
1.666667e+00 2.777778e+00 3.888889e+00
1.666667e+00 3.888889e+00 3.888889e+00
8.398168e-01 5.500000e+00 1.959573e+00
1.362048e+00 -5.500000e+00 1.906867e+00
2.777778e+00 -3.888889e+00 3.888889e+00
2.777778e+00 -2.777778e+00 3.888889e+00
2.777778e+00 -1.666667e+00 3.888889e+00
2.777778e+00 -5.555556e-01 3.888889e+00
2.777778e+00 5.555556e-01 3.888889e+00
2.777778e+00 1.666667e+00 3.888889e+00
2.777778e+00 2.777778e+00 3.888889e+00
2.777778e+00 3.888889e+00 3.888889e+00
1.362048e+00 5.500000e+00 1.906867e+00
1.853553e+00 -5.500000e+00 1.853553e+00
3.888889e+00 -3.888889e+00 3.888889e+00
3.888889e+00 -2.777778e+00 3.888889e+00
3.888889e+00 -1.666667e+00 3.888889e+00
3.888889e+00 -5.555556e-01 3.888889e+00
3.888889e+00 5.555556e-01 3.888889e+00
3.888889e+00 1.666667e+00 3.888889e+00
3.888889e+00 2.777778e+00 3.888889e+00
3.888889e+00 3.888889e+00 3.888889e+00
1.853553e+00 5.500000e+00 1.853553e+00
5.000000e+00 -5.000000e+00 3.888889e+00
4.500000e+00 -1.853553e+00 1.853553e+00
4.500000e+00 -1.362048e+00 1.906867e+00
4.500000e+00 -8.398168e-01 1.959573e+00
4.500000e+00 -2.849964e-01 1.994975e+00
4.500000e+00 2.849964e-01 1.994975e+00
4.500000e+00 8.398168e-01 1.959573e+00
4.500000e+00 1.362048e+00 1.906867e+00
4.500000e+00 1.853553e+00 1.853553e+00
5.000000e+00 5.000000e+00 3.888889e+00
-5.000000e+00 -5.000000e+00 5.000000e+00
-5.000000e+00 -3.888889e+00 5.000000e+00
-5.000000e+00 -2.777778e+00 5.000000e+00
-5.000000e+00 -1.666667e+00 5.000000e+00
-5.000000e+00 -5.555556e-01 5.000000e+00
-5.000000e+00 5.555556e-01 5.000000e+00
-5.000000e+00 1.666667e+00 5.000000e+00
-5.000000e+00 2.777778e+00 5.000000e+00
-5.000000e+00 3.888889e+00 5.000000e+00
-5.000000e+00 5.000000e+00 5.000000e+00
-3.888889e+00 -5.000000e+00 5.000000e+00
-1.853553e+00 -1.853553e+00 5.500000e+00
-1.906867e+00 -1.362048e+00 5.500000e+00
-1.959573e+00 -8.398168e-01 5.500000e+00
-1.994975e+00 -2.849964e-01 5.500000e+00
-1.994975e+00 2.849964e-01 5.500000e+00
-1.959573e+00 8.398168e-01 5.500000e+00
-1.906867e+00 1.362048e+00 5.500000e+00
-1.853553e+00 1.853553e+00 5.500000e+00
-3.888889e+00 5.000000e+00 5.000000e+00
-2.777778e+00 -5.000000e+00 5.000000e+00
-1.362048e+00 -1.906867e+00 5.500000e+00
-1.707107e+00 -1.707107e+00 6.500000e+00
-1.857493e+00 -1.114496e+00 6.500000e+00
-1.980581e+00 -3.961161e-01 6.500000e+00
-1.980581e+00 3.961161e-01 6.500000e+00
-1.857493e+00 1.114496e+00 6.500000e+00
-1.707107e+00 1.707107e+00 6.500000e+00
-1.362048e+00 1.906867e+00 5.500000e+00
-2.777778e+00 5.000000e+00 5.000000e+00
-1.666667e+00 -5.000000e+00 5.000000e+00
-8.398168e-01 -1.959573e+00 5.500000e+00
-1.114496e+00 -1.857493e+00 6.500000e+00
-2.340990e+00 -2.340990e+00 7.000000e+00
-2.884537e+00 -9.615125e-01 7.000000e+00
-2.884537e+00 9.615125e-01 7.000000e+00
-2.340990e+00 2.340990e+00 7.000000e+00
-1.114496e+00 1.857493e+00 6.500000e+00
-8.398168e-01 1.959573e+00 5.500000e+00
-1.666667e+00 5.000000e+00 5.000000e+00
-5.555556e-01 -5.000000e+00 5.000000e+00
-2.849964e-01 -1.994975e+00 5.500000e+00
-3.961161e-01 -1.980581e+00 6.500000e+00
-9.615125e-01 -2.884537e+00 7.000000e+00
-2.121320e+00 -2.121320e+00 8.000000e+00
-2.121320e+00 2.121320e+00 8.000000e+00
-9.615125e-01 2.884537e+00 7.000000e+00
-3.961161e-01 1.980581e+00 6.500000e+00
-2.849964e-01 1.994975e+00 5.500000e+00
-5.555556e-01 5.000000e+00 5.000000e+00
5.555556e-01 -5.000000e+00 5.000000e+00
2.849964e-01 -1.994975e+00 5.500000e+00
3.961161e-01 -1.980581e+00 6.500000e+00
9.615125e-01 -2.884537e+00 7.000000e+00
2.121320e+00 -2.121320e+00 8.000000e+00
2.121320e+00 2.121320e+00 8.000000e+00
9.615125e-01 2.884537e+00 7.000000e+00
3.961161e-01 1.980581e+00 6.500000e+00
2.849964e-01 1.994975e+00 5.500000e+00
5.555556e-01 5.000000e+00 5.000000e+00
1.666667e+00 -5.000000e+00 5.000000e+00
8.398168e-01 -1.959573e+00 5.500000e+00
1.114496e+00 -1.857493e+00 6.500000e+00
2.340990e+00 -2.340990e+00 7.000000e+00
2.884537e+00 -9.615125e-01 7.000000e+00
2.884537e+00 9.615125e-01 7.000000e+00
2.340990e+00 2.340990e+00 7.000000e+00
1.114496e+00 1.857493e+00 6.500000e+00
8.398168e-01 1.959573e+00 5.500000e+00
1.666667e+00 5.000000e+00 5.000000e+00
2.777778e+00 -5.000000e+00 5.000000e+00
1.362048e+00 -1.906867e+00 5.500000e+00
1.707107e+00 -1.707107e+00 6.500000e+00
1.857493e+00 -1.114496e+00 6.500000e+00
1.980581e+00 -3.961161e-01 6.500000e+00
1.980581e+00 3.961161e-01 6.500000e+00
1.857493e+00 1.114496e+00 6.500000e+00
1.707107e+00 1.707107e+00 6.500000e+00
1.362048e+00 1.906867e+00 5.500000e+00
2.777778e+00 5.000000e+00 5.000000e+00
3.888889e+00 -5.000000e+00 5.000000e+00
1.853553e+00 -1.853553e+00 5.500000e+00
1.906867e+00 -1.362048e+00 5.500000e+00
1.959573e+00 -8.398168e-01 5.500000e+00
1.994975e+00 -2.849964e-01 5.500000e+00
1.994975e+00 2.849964e-01 5.500000e+00
1.959573e+00 8.398168e-01 5.500000e+00
1.906867e+00 1.362048e+00 5.500000e+00
1.853553e+00 1.853553e+00 5.500000e+00
3.888889e+00 5.000000e+00 5.000000e+00
5.000000e+00 -5.000000e+00 5.000000e+00
5.000000e+00 -3.888889e+00 5.000000e+00
5.000000e+00 -2.777778e+00 5.000000e+00
5.000000e+00 -1.666667e+00 5.000000e+00
5.000000e+00 -5.555556e-01 5.000000e+00
5.000000e+00 5.555556e-01 5.000000e+00
5.000000e+00 1.666667e+00 5.000000e+00
5.000000e+00 2.777778e+00 5.000000e+00
5.000000e+00 3.888889e+00 5.000000e+00
5.000000e+00 5.000000e+00 5.000000e+00
