0.000000000000000000e+00 0.000000000000000000e+00
0.000000000000000000e+00 3.999999999999999556e+00
-2.000000000000000000e+00 4.000000000000000000e+00
-2.000000000000000000e+00 2.000000000000000000e+00
-4.000000000000000000e+00 2.000000000000000000e+00
-4.000000000000000000e+00 8.000000000000000000e+00
-2.000000000000000000e+00 8.000000000000000000e+00
-2.000000000000000000e+00 6.000000000000000000e+00
0.000000000000000000e+00 6.000000000000000000e+00
0.000000000000000000e+00 1.000000000000000000e+01
3.999999999999999556e+00 0.000000000000000000e+00
1.376511378090363946e+00 2.255316213734992470e+00
-1.662572470977210060e+00 5.703682434647235233e+00
-2.296427827262072618e+00 3.364329227024312807e+00
-1.997332399562255389e+00 4.404204525135804182e+00
-2.296229686598515229e+00 4.473839163784947281e+00
-2.255527023463487435e+00 4.395136008030767982e+00
-1.703477071964805134e+00 4.420531352145829374e+00
1.293192756298920720e+00 7.620466673203853958e+00
3.999999999999999556e+00 1.000000000000000000e+01
4.000000000000000000e+00 2.000000000000000000e+00
2.237241291314786551e+00 1.550494701807139775e+00
-7.563876363178874129e-01 4.883028896808220054e+00
-1.829350781219265976e+00 5.457071829088771864e+00
-1.858667804640486088e+00 4.839955317746659880e+00
-1.702432622540481777e+00 4.747656464265698872e+00
-1.457728008447841228e+00 4.711361849716801053e+00
-1.232979315538091702e+00 4.918094867559926087e+00
2.278637349511188681e+00 8.443801403177520370e+00
4.000000000000000000e+00 8.000000000000000000e+00
2.000000000000000000e+00 2.000000000000000000e+00
1.923742300116278559e+00 2.490501554276134843e+00
1.857470570854268699e+00 2.831920064833490347e+00
-1.372664244212007834e+00 5.241601499195208014e+00
-1.690890938982552605e+00 5.230726739870347863e+00
-1.567999030872890387e+00 4.905993024524062385e+00
-1.021468964209671038e+00 4.985849213625330734e+00
2.025757094593630292e+00 7.452464528560009960e+00
1.905159822850376994e+00 7.515200390472656089e+00
2.000000000000000000e+00 8.000000000000000000e+00
2.000000000000000000e+00 4.000000000000000000e+00
1.488729941287732839e+00 3.937522385463643193e+00
6.580010357237020546e-01 4.392729179499175629e+00
-8.570312348909128186e-01 4.847209361973764175e+00
-9.370340529491369974e-01 4.843607778136891362e+00
-1.370008508684058546e+00 5.100833490820658511e+00
-7.111792438764301671e-01 5.094928507983930821e+00
1.915086708662379955e+00 5.481569831356332578e+00
1.859838158256847063e+00 5.982443873148419300e+00
2.000000000000000000e+00 6.000000000000000000e+00
8.000000000000000000e+00 4.000000000000000000e+00
7.884837274972279708e+00 4.048811549891457418e+00
8.308403486552975892e+00 4.098507875104261622e+00
1.076957106295172828e+01 4.909052742127101077e+00
1.136314694731347963e+01 4.902699517461426737e+00
1.090314446547189497e+01 5.145924881972913312e+00
1.079641702314215124e+01 5.157949136669461865e+00
9.203099741078270668e+00 5.372579142130614827e+00
8.388069470163074470e+00 6.031222195703767497e+00
8.000000000000000000e+00 6.000000000000000000e+00
8.000000000000000000e+00 2.000000000000000000e+00
8.103339026110280230e+00 2.487540049312568335e+00
8.044196580929515505e+00 2.560502616463292025e+00
1.100404958865480509e+01 5.023880361731213107e+00
1.156411058624508925e+01 5.092701781561669527e+00
1.169513909438187049e+01 4.781786743978399201e+00
1.139282734687923515e+01 4.755115488673581581e+00
8.089121938020639391e+00 7.113310539113993691e+00
8.085037680178981390e+00 7.505632603165230066e+00
8.000000000000000000e+00 8.000000000000000000e+00
6.000000000000000000e+00 2.000000000000000000e+00
7.723824841827153342e+00 1.553458486567642627e+00
1.126152574716542709e+01 5.108814638818432563e+00
1.141269409825414449e+01 5.270061643465611567e+00
1.170181963686722604e+01 5.246899084453920281e+00
1.186266434203927922e+01 5.165096564344110242e+00
1.184164091411361319e+01 4.555507161839499553e+00
1.075296361669693823e+01 5.115562709312602152e+00
7.769438179204038342e+00 8.453369482279581959e+00
6.000000000000000000e+00 8.000000000000000000e+00
6.000000000000000000e+00 0.000000000000000000e+00
8.710340880426889143e+00 2.382215108312128571e+00
1.170262239063323939e+01 5.576786917076824501e+00
1.225637808788377292e+01 5.585739168159975954e+00
1.229571012619765469e+01 5.510202297039626274e+00
1.200008015426638508e+01 5.556801446171363068e+00
1.229100376829188512e+01 6.733596980653850927e+00
1.166799855780668338e+01 4.292334966812832775e+00
8.614085394155367226e+00 7.748664629786887303e+00
6.000000000000000000e+00 1.000000000000000000e+01
1.000000000000000000e+01 0.000000000000000000e+00
1.000000000000000000e+01 3.999999999999999556e+00
1.200000000000000000e+01 4.000000000000000000e+00
1.200000000000000000e+01 2.000000000000000000e+00
1.400000000000000000e+01 2.000000000000000000e+00
1.400000000000000000e+01 8.000000000000000000e+00
1.200000000000000000e+01 8.000000000000000000e+00
1.200000000000000000e+01 6.000000000000000000e+00
1.000000000000000000e+01 6.000000000000000000e+00
1.000000000000000000e+01 1.000000000000000000e+01
