-8
-5.08638
-2.48383
-1.45587
-0.877632
-0.707252
-6.075
-5.44121
-2.72976
-1.68434
-1.04272
-0.848119
-5.025
-4.27877
-2.64534
-1.75171
-1.19892
-1.00012
-3.975
-3.31922
-2.07617
-1.55009
-1.15332
-1.00004
-2.925
-1.76058
-1.40599
-1.14601
-0.939828
-0.84787
-1
-1.21476
-1.04873
-0.909207
-0.768935
-0.706699
-1
-1.21476
-1.04873
-0.909207
-0.768935
-0.706699
-0.45
-0.621374
-0.718926
-0.6693
-0.60033
-0.565621
-0.15
-0.166019
-0.209864
-0.21612
-0.204499
-0.198869
0.15
0.166027
0.209869
0.216121
0.204494
0.198869
0.45
0.621374
0.718928
0.669299
0.600325
0.565621
1
1.21476
1.04873
0.909211
0.768934
0.706699
1
1.21476
1.04873
0.909211
0.768934
0.706699
2.925
1.76058
1.40599
1.14601
0.939828
0.84787
3.975
3.31922
2.07617
1.55009
1.15332
1.00004
5.025
4.27877
2.64534
1.7517
1.19892
1.00012
6.075
5.44121
2.72976
1.68434
1.04272
0.848119
8
5.08638
2.48383
1.45587
0.877632
0.707252
-0.706699
-0.84787
-1.00004
-1.00012
-0.848119
-0.707252
-0.565621
-0.518514
-0.690891
-0.690883
-0.519023
-0.56587
-0.198869
-0.207688
-0.203775
-0.203895
-0.20774
-0.198952
0.198869
0.207688
0.203775
0.203895
0.20774
0.198952
0.565621
0.518515
0.690892
0.690883
0.519023
0.56587
0.706699
0.84787
1.00004
1.00012
0.848119
0.707252
-0.707252
-0.877632
-1.45587
-2.48383
-5.08638
-8
-0.56587
-0.709199
-1.22725
-2.19653
-4.80476
-7.97288
-0.198952
-0.251987
-0.448768
-0.865471
-1.89801
-3.31566
0.198952
0.251987
0.448768
0.865471
1.89801
3.31566
0.56587
0.709199
1.22725
2.19653
4.80476
7.97288
0.707252
0.877632
1.45587
2.48383
5.08638
8
-2
1.63008
1.53023
1.18287
0.833887
0.706976
-2
0.159365
1.01846
0.832681
0.657443
0.565787
-2
-0.781476
-0.00877911
0.144334
0.197464
0.198786
-2
-1.21667
-0.71443
-0.463015
-0.264074
-0.199201
-2
-1.55784
-1.23639
-0.915246
-0.670078
-0.566202
-2
-1.73986
-1.36344
-1.06199
-0.812309
-0.707528
-2
-1.73986
-1.36344
-1.06199
-0.812309
-0.707528
-2
-1.83725
-1.49075
-1.20206
-0.95501
-0.848616
-2
-1.85115
-1.57679
-1.32077
-1.09728
-1.0007
-2
-1.85114
-1.57679
-1.32077
-1.09727
-1.0007
-2
-1.83725
-1.49074
-1.20207
-0.955005
-0.848616
-2
-1.73986
-1.36344
-1.06199
-0.812309
-0.707528
-2
-1.73986
-1.36344
-1.06199
-0.812309
-0.707528
-2
-1.55784
-1.23639
-0.915244
-0.67008
-0.566202
-2
-1.21666
-0.714434
-0.463012
-0.264076
-0.199201
-2
-0.781476
-0.00878143
0.144334
0.197465
0.198786
-2
0.159365
1.01846
0.83268
0.657444
0.565787
-2
1.63008
1.53023
1.18287
0.833886
0.706976
-0.707528
-0.566202
-0.199201
0.198786
0.565787
0.706976
-0.848616
-0.519197
-0.208045
0.207657
0.518834
0.848202
-1.0007
-0.691319
-0.204076
0.203734
0.690949
1.00029
-1.0007
-0.69132
-0.204076
0.203734
0.690949
1.00029
-0.848616
-0.519197
-0.208045
0.207657
0.518834
0.848202
-0.707528
-0.566202
-0.199201
0.198786
0.565787
0.706976
0.706976
0.833887
1.18287
1.53023
1.63008
-2
0.848202
1.01676
1.51151
2.1258
2.74443
1.32453
1.00029
1.21993
1.90808
3.00016
4.70264
5.98283
1.00029
1.21993
1.90808
3.00016
4.70264
5.98283
0.848202
1.01676
1.51151
2.1258
2.74443
1.32453
0.706976
0.833886
1.18287
1.53023
1.63008
-2
