1.33333333333
1.77777777778
2.66666666667
3.55555555556
4
1.00672912842
1.33462294029
1.95023390147
2.51980812548
2.78452210401
0.680124923521
0.891468102812
1.23380113628
1.4840606954
1.56899420802
0.353358020431
0.448313265328
0.517368371086
0.448313265328
0.353358416045
-1.33333333333
-0.888888888889
2.22044604925e-16
0.888888888889
1.33333333333
-1.00672912842
-0.678758326418
9.71257030796e-17
0.678758326418
1.00672912842
-0.680124923521
-0.468627763946
-2.77931987658e-17
0.468627763946
0.680124923521
-0.353358020431
-0.258253154201
6.9332504314e-17
0.258253154201
0.353358020431
-4
-3.55555555556
-2.66666666667
-1.77777777778
-1.33333333333
-2.78452210401
-2.51980812548
-1.95023390147
-1.33462294029
-1.00672912842
-1.56899420802
-1.4840606954
-1.23380113628
-0.891468102812
-0.680124923521
-0.353358416045
-0.448313265328
-0.517368371086
-0.448313265328
-0.353358020431
-0.353358020431
-0.258253154201
6.9332504314e-17
0.258253154201
0.353358020431
-0.448313265328
-0.305649427559
2.91377109239e-16
0.305649427559
0.448313265328
-0.517368371086
-0.340176980438
2.91377109239e-16
0.340176980438
0.517368371086
-0.448313265328
-0.305649427559
2.91377109239e-16
0.305649427559
0.448313265328
-0.353358416045
-0.258254553464
6.93335546195e-17
0.258254553464
0.353358416045
4
3.9626
-3.6177e-15
-3.9626
-4
2.78452210401
2.7279
-2.4627e-15
-2.7279
-2.78452210401
1.56899420802
1.4932
-1.3077e-15
-1.4932
-1.56899420802
0.353358416045
0.258254553464
6.93335546195e-17
-0.258254553464
-0.353358416045
0
0
0
0
0
0.132159760462
0.163834266175
0.25
0.336165733825
0.36784146886
0.264319520925
0.32766853235
0.5
0.67233146765
0.73568293772
0.396316583204
0.491502798525
0.75
1.00849720147
1.10367254211
0
0
0
0
0
0.132159760462
0.100562244891
0.0775438763046
0.100562244891
0.132159760462
0.264319520925
0.201124489781
0.155087752609
0.201124489781
0.264319520925
0.396316583204
0.301198640125
0.232143534368
0.301198640125
0.396316583204
0
0
0
0
0
0.36784146886
0.336165733825
0.25
0.163834266175
0.132159760462
0.73568293772
0.67233146765
0.5
0.32766853235
0.264319520925
1.10367254211
1.00849720147
0.75
0.491502798525
0.396316583204
0.396316583204
0.301198640125
0.232143534368
0.301198640125
0.396316583204
0.491502798525
0.443862477894
0.409334925016
0.443862477894
0.491502798525
0.75
0.75
0.75
0.75
0.75
1.00849720147
1.05613752211
1.09066507498
1.05613752211
1.00849720147
1.10367254211
1.19879472721
1.26787228009
1.19879472721
1.10367254211
0
2.3286
4.5723
2.3286
0
0.36784146886
1.9519
3.4707
1.9519
0.36784146886
0.73568293772
1.5751
2.369
1.5751
0.73568293772
1.10367254211
1.19879472721
1.26787228009
1.19879472721
1.10367254211
