1.33333333333
1.77777777778
2.66666666667
3.55555555556
4
0.825422667125
1.078753272
1.5724291046
1.91079357646
1.8239410748
0.417120339241
0.558323969812
0.700194920537
0.701482306516
0.522880310538
0.356598732083
0.383451731979
0.470879642768
0.482338619556
0.472009191104
-1.33333333333
-0.888888888889
2.22044604925e-16
0.888888888889
1.33333333333
-0.825425545632
-0.550080985425
1.38051188693e-06
0.550080295922
0.825422667125
-0.417138564267
-0.30507302456
4.10789166978e-06
0.305060622133
0.417120339241
-0.356431657702
-0.289330087836
-3.11997634428e-05
0.289278550329
0.356598732083
-4
-3.55555555556
-2.66666666667
-1.77777777778
-1.33333333333
-1.82394103799
-1.91079507234
-1.57242933547
-1.07875591483
-0.825425545632
-0.522883083359
-0.701487538786
-0.700202191663
-0.558340093686
-0.417138564267
-0.472002997642
-0.48233302941
-0.470870818508
-0.38348968538
-0.356431657702
-0.356431657702
-0.289330087836
-3.11997634428e-05
0.289278550329
0.356598732083
-0.38348968538
-0.268485588009
7.13451037949e-06
0.268476860181
0.383451731979
-0.470870818508
-0.305185673437
-5.19603373902e-08
0.3051764059
0.470879642768
-0.48233302941
-0.328142541484
-4.51953355473e-06
0.328131598087
0.482338619556
-0.472002997642
-0.398674079855
2.39736048257e-06
0.398675661064
0.472009191104
4
3.9626
-3.6177e-15
-3.9626
-4
1.8239410748
1.35210115456
1.38487835024e-06
-1.35210195221
-1.82394103799
0.522880310538
0.460044744996
-1.20397994856e-06
-0.460044860712
-0.522883083359
0.472009191104
0.398675661064
2.39736048257e-06
-0.398674079855
-0.472002997642
0
0
0
0
0
0.493637032519
0.613477188538
1.03593245953
1.75960335265
2.52727577891
0.983916962818
1.06442850775
1.36033896395
1.74638499195
1.84825965734
1.06504356183
1.12458807411
1.39993092611
1.72475393872
1.81464258864
0
0
0
0
0
0.493622427037
0.389222256409
0.303789732918
0.389214937336
0.493637032519
0.983890245043
0.880565039541
0.847742916063
0.880549279285
0.983916962818
1.06495713653
1.05431446436
1.03984219792
1.05425203635
1.06504356183
0
0
0
0
0
2.52727280891
1.75960444464
1.03593631621
0.613484666387
0.493622427037
1.84824882609
1.74638673029
1.36034594534
1.06444850129
0.983890245043
1.81463932363
1.72475694073
1.39992183998
1.12458661891
1.06495713653
1.06495713653
1.05431446436
1.03984219792
1.05425203635
1.06504356183
1.12458661891
1.17336073103
1.17191256885
1.1733519279
1.12458807411
1.39992183998
1.42858042452
1.44584768996
1.42857803886
1.39993092611
1.72475694073
1.71429162893
1.7473280076
1.7142937649
1.72475393872
1.81463932363
1.85327829876
1.94073197674
1.85326955828
1.81464258864
0
2.3286
4.5723
2.3286
0
2.52727577891
2.96488108132
3.28994474496
2.96488358066
2.52727280891
1.84825965734
2.05820317589
2.20520879658
2.05820285919
1.84824882609
1.81464258864
1.85326955828
1.94073197674
1.85327829876
1.81463932363
