0.458601998806
0.556304973427
0.962689675267
1.71799205003
4
0.466188300986
0.534302907237
0.975316350144
1.64725770222
1.47524682816
0.408162794669
0.542785336609
0.503070380629
0.810687933852
0.762770026296
0.354635223486
-0.205937524641
0.255093002658
0.647561918899
0.682386551202
-0.28291750577
-0.0368211491228
0.173077981443
0.365945663823
0.458601998806
-0.284035736667
-0.0371904019506
0.173261153604
0.366244550128
0.466188300986
-0.274392716095
-0.00629100387932
0.165062943712
0.379450101666
0.408162794669
-0.265074209362
-0.00718252151671
0.17180563239
0.390860858089
0.354635223486
-4
-2.24952759139
-1.32656518904
-0.569270389636
-0.28291750577
-2.26444909246
-2.2882281071
-1.31152260419
-0.596142461813
-0.284035736667
-1.36360734222
-1.63947903559
-1.11987332908
-0.648717986385
-0.274392716095
-1.34942612876
-1.34915657695
-1.27436729008
-0.221324861568
-0.265074209362
-0.265074209362
-0.00718252151671
0.17180563239
0.390860858089
0.354635223486
-0.221324861568
-0.471581434865
-0.180044591806
-0.183284879545
-0.205937524641
-1.27436729008
-0.434144738394
-0.267925226346
0.0320572154497
0.255093002658
-1.34915657695
-0.998492773068
-0.637710586146
-0.184080275215
0.647561918899
-1.34942612876
-1.01942736463
-0.716085971013
-0.675648959439
0.682386551202
4
3.9626
-3.6177e-15
-3.9626
-4
1.47524682816
1.6594543244
-0.442308944063
-2.24898560201
-2.26444909246
0.762770026296
-0.267052270029
-1.09643638232
-1.15489512592
-1.36360734222
0.682386551202
-0.675648959439
-0.716085971013
-1.01942736463
-1.34942612876
0
0
0
0
0
0.058510629153
0.0718637120721
0.291598571505
0.844663932615
1.83852036958
0.171948960732
0.380948093485
0.731632340605
1.01833108004
1.30049089021
0.158633690296
0.621533993701
1.15214532226
1.14025489383
1.20063754508
0
0
0
0
0
0.0353804791706
0.0433964101164
0.0288765010851
0.0247493397477
0.058510629153
0.09381814513
0.13845688038
0.0846708694221
0.0701491659991
0.171948960732
0.108927718185
0.225049826915
0.100098198857
0.100100265662
0.158633690296
0
0
0
0
0
1.74127944203
0.781316849097
0.324350045884
0.0975279211827
0.0353804791706
1.80030273414
1.53289068452
0.985986247422
0.532169781147
0.09381814513
1.69034365465
1.49181249203
1.32339348135
0.907943371721
0.108927718185
0.108927718185
0.225049826915
0.100098198857
0.100100265662
0.158633690296
0.907943371721
1.00610356937
0.572430487569
0.534944628301
0.621533993701
1.32339348135
1.05369490814
1.24347428765
1.12795968109
1.15214532226
1.49181249203
1.23426047541
1.31161339631
1.47591400397
1.14025489383
1.69034365465
1.3056642705
1.27266813435
1.83087309364
1.20063754508
0
2.3286
4.5723
2.3286
0
1.83852036958
2.44066394356
3.2897792866
2.28734360626
1.74127944203
1.30049089021
2.09419155563
1.95215892072
2.11534291803
1.80030273414
1.20063754508
1.83087309364
1.27266813435
1.3056642705
1.69034365465
