0.25796871997
0.352854517608
0.720711523469
1.43962885905
4
0.256015321881
0.357627176754
0.707457389665
1.49380829584
1.49726087581
0.257334689028
0.393810044223
0.521425060099
0.683154611653
0.600765281952
0.262054635405
0.416020017723
-0.194175555711
0.564425969283
0.541689422596
-0.347417880554
-0.242633382669
-0.0561084718838
0.142292889691
0.25796871997
-0.347767047528
-0.240728945316
-0.0578367773713
0.145004116247
0.256015321881
-0.310109803084
-0.249395586871
-0.0550273612843
0.131347342498
0.257334689028
-0.301649631305
-0.250817285048
-0.0658476726407
0.130299583864
0.262054635405
-4
-1.92841583159
-0.910439938792
-0.446298072396
-0.347417880554
-2.22052855709
-2.05069743392
-0.872711957399
-0.452812054057
-0.347767047528
-1.39436604831
-1.58012340781
-0.681071013687
-0.38777612038
-0.310109803084
-1.34419658495
-1.32163701898
-0.355799184114
-0.324770470507
-0.301649631305
-0.301649631305
-0.250817285048
-0.0658476726407
0.130299583864
0.262054635405
-0.324770470507
-0.235754932986
-0.0921967620174
0.085922235225
0.416020017723
-0.355799184114
-0.330655433419
-0.209533836431
-0.120713904542
-0.194175555711
-1.32163701898
-0.634212711612
-0.275105265691
0.0156155504621
0.564425969283
-1.34419658495
-0.695833849151
-0.312885184176
-0.00755218235011
0.541689422596
4
3.9626
-3.6177e-15
-3.9626
-4
1.49726087581
1.48143395708
-0.181946180113
-2.21729156706
-2.22052855709
0.600765281952
0.445432061572
-0.275814254629
-1.112164494
-1.39436604831
0.541689422596
-0.00755218235011
-0.312885184176
-0.695833849151
-1.34419658495
0
0
0
0
0
0.031538477862
0.0275034209513
0.156915636801
0.675113034076
1.61035659705
0.0854160625766
0.0838405620812
0.645412850046
1.09969575798
1.40962833713
0.102680916179
0.104411880531
0.879123211077
1.19052938329
1.33012278303
0
0
0
0
0
0.0618411851843
0.0469871697527
0.0520076670766
0.0379703745905
0.031538477862
0.162180701304
0.132585528545
0.161559750736
0.122667407826
0.0854160625766
0.183099786754
0.171861798315
0.220611725187
0.191448425178
0.102680916179
0
0
0
0
0
1.54891075374
0.5599398364
0.207806578055
0.079349334684
0.0618411851843
1.74682248615
1.23437851687
0.632864805566
0.202099360495
0.162180701304
1.63452828622
1.2728928419
0.918461080322
0.196085970171
0.183099786754
0.183099786754
0.171861798315
0.220611725187
0.191448425178
0.102680916179
0.196085970171
0.302946547297
0.326517118955
0.301552668476
0.104411880531
0.918461080322
0.857212936719
0.832776858033
0.824443275114
0.879123211077
1.2728928419
1.34071738022
1.1750004404
1.22587863685
1.19052938329
1.63452828622
1.21319987252
1.98408011022
1.18126483833
1.33012278303
0
2.3286
4.5723
2.3286
0
1.61035659705
2.18781164381
3.3888137485
2.38651663151
1.54891075374
1.40962833713
1.88736591428
1.88856560818
2.19899937067
1.74682248615
1.33012278303
1.18126483833
1.98408011022
1.21319987252
1.63452828622
