1.33333333333
1.77777777778
2.66666666667
3.55555555556
4
0.972222222222
1.26851851852
1.86111111111
2.4537037037
2.75
0.611111111111
0.759259259259
1.05555555556
1.35185185185
1.5
0.25
0.25
0.25
0.25
0.25
-1.33333333333
-0.888888888889
2.22044604925e-16
0.888888888889
1.33333333333
-0.972222222222
-0.648148148148
1.30286007548e-16
0.648148148148
0.972222222222
-0.611111111111
-0.407407407407
3.85274101705e-17
0.407407407407
0.611111111111
-0.25
-0.166666666667
8.55466908711e-17
0.166666666667
0.25
-4
-3.55555555556
-2.66666666667
-1.77777777778
-1.33333333333
-2.75
-2.4537037037
-1.86111111111
-1.26851851852
-0.972222222222
-1.5
-1.35185185185
-1.05555555556
-0.759259259259
-0.611111111111
-0.25
-0.25
-0.25
-0.25
-0.25
-0.25
-0.166666666667
8.55466908711e-17
0.166666666667
0.25
-0.25
-0.166666666667
2.24324568949e-16
0.166666666667
0.25
-0.25
-0.166666666667
2.24324568949e-16
0.166666666667
0.25
-0.25
-0.166666666667
2.24324568949e-16
0.166666666667
0.25
-0.25
-0.166668333334
8.55467844745e-17
0.166668333334
0.25
4
3.9626
-3.6177e-15
-3.9626
-4
2.75
2.6973
-2.4295e-15
-2.6973
-2.75
1.5
1.432
-1.2414e-15
-1.432
-1.5
0.25
0.166668333334
8.55467844745e-17
-0.166668333334
-0.25
0
0
0
0
0
0.0833333333333
0.111111111111
0.166666666667
0.222222222222
0.25
0.166666666667
0.222222222222
0.333333333333
0.444444444444
0.5
0.25
0.333333333333
0.5
0.666666666667
0.75
0
0
0
0
0
0.0833333333333
0.0833333333333
0.0833333333333
0.0833333333333
0.0833333333333
0.166666666667
0.166666666667
0.166666666667
0.166666666667
0.166666666667
0.25
0.25
0.25
0.25
0.25
0
0
0
0
0
0.25
0.222222222222
0.166666666667
0.111111111111
0.0833333333333
0.5
0.444444444444
0.333333333333
0.222222222222
0.166666666667
0.75
0.666666666667
0.5
0.333333333333
0.25
0.25
0.25
0.25
0.25
0.25
0.333333333333
0.333333333333
0.333333333333
0.333333333333
0.333333333333
0.5
0.5
0.5
0.5
0.5
0.666666666667
0.666666666667
0.666666666667
0.666666666667
0.666666666667
0.75
0.75
0.75
0.75
0.75
0
2.3286
4.5723
2.3286
0
0.25
1.8024
3.2982
1.8024
0.25
0.5
1.2762
2.0241
1.2762
0.5
0.75
0.75
0.75
0.75
0.75
