1.33333333333 0
1.11111111111 0
0.666666666667 0
0.222222222222 0
-0.222222222222 0
-0.666666666667 0
-1.11111111111 0
-1.33333333333 0
0.972222222222 0.0833333333333
0.810185185185 0.0833333333333
0.486111111111 0.0833333333333
0.162037037037 0.0833333333333
-0.162037037037 0.0833333333333
-0.486111111111 0.0833333333333
-0.810185185185 0.0833333333333
-0.972222222222 0.0833333333333
0.611111111111 0.166666666667
0.509259259259 0.166666666667
0.305555555556 0.166666666667
0.101851851852 0.166666666667
-0.101851851852 0.166666666667
-0.305555555556 0.166666666667
-0.509259259259 0.166666666667
-0.611111111111 0.166666666667
0.25 0.25
0.208333333333 0.25
0.125 0.25
0.0416666666667 0.25
-0.0416666666667 0.25
-0.125 0.25
-0.208333333333 0.25
-0.25 0.25
