-1.33333333333 0
-1.55555555556 0
-2 0
-2.44444444444 0
-2.88888888889 0
-3.33333333333 0
-3.77777777778 0
-4 0
-0.972222222222 0.0833333333333
-1.12037037037 0.0972222222222
-1.41666666667 0.125
-1.71296296296 0.152777777778
-2.00925925926 0.180555555556
-2.30555555556 0.208333333333
-2.60185185185 0.236111111111
-2.75 0.25
-0.611111111111 0.166666666667
-0.685185185185 0.194444444444
-0.833333333333 0.25
-0.981481481481 0.305555555556
-1.12962962963 0.361111111111
-1.27777777778 0.416666666667
-1.42592592593 0.472222222222
-1.5 0.5
-0.25 0.25
-0.25 0.291666666667
-0.25 0.375
-0.25 0.458333333333
-0.25 0.541666666667
-0.25 0.625
-0.25 0.708333333333
-0.25 0.75
