-9.999999999999982236e-01 -1.999999999999996447e+00
-9.755822455012658212e-01 -1.892268826004063875e+00
-9.267467365037878047e-01 -1.676806478012173418e+00
-8.779112275063194470e-01 -1.461344130020299614e+00
-8.290757185088430958e-01 -1.245881782028412266e+00
-7.802402095113702973e-01 -1.030419434036533577e+00
-7.314047005138983870e-01 -8.149570860446508913e-01
-7.069869460151598783e-01 -7.072259120487098816e-01
-5.952380952380926793e-01 -2.000000000000000000e+00
-6.481106228117694545e-01 -1.848482533933103245e+00
-6.442935365414776960e-01 -1.665585325299126840e+00
-6.226352133026940017e-01 -1.474295211204192269e+00
-5.967527242795972464e-01 -1.284001379818558997e+00
-5.748262107110305719e-01 -1.101410351136999921e+00
-5.693634265866882593e-01 -9.350210017897437886e-01
-6.137643916488316753e-01 -8.004641545964581439e-01
-3.571428571428566512e-01 -1.999999999999999112e+00
-3.773286139662414551e-01 -1.836075984429221597e+00
-3.796815735476598563e-01 -1.662757078047037984e+00
-3.715833648833817837e-01 -1.486250009678783846e+00
-3.604737545958210942e-01 -1.314418174904631087e+00
-3.529484824664663178e-01 -1.156199588903162434e+00
-3.574584034729925142e-01 -1.023252415380866198e+00
-3.859028286290147602e-01 -9.320581383812811538e-01
-1.190476190476185137e-01 -1.999999999999997335e+00
-1.243794023626799417e-01 -1.833064325736746714e+00
-1.255207787995385460e-01 -1.663116992781019876e+00
-1.235429180873520438e-01 -1.493529574559274264e+00
-1.206104467538391262e-01 -1.331221721218019516e+00
-1.190355610860214519e-01 -1.185717414190152974e+00
-1.216188762098006221e-01 -1.069730932449277194e+00
-1.316004164899877704e-01 -1.000222967776812411e+00
1.190476190476174312e-01 -2.000000000000003553e+00
1.243794023626789980e-01 -1.833064325736748046e+00
1.255207787995376578e-01 -1.663116992781020098e+00
1.235429180873511418e-01 -1.493529574559274709e+00
1.206104467538380853e-01 -1.331221721218019294e+00
1.190355610860202862e-01 -1.185717414190152752e+00
1.216188762097992204e-01 -1.069730932449276084e+00
1.316004164899859663e-01 -1.000222967776807526e+00
3.571428571428565957e-01 -1.999999999999993561e+00
3.773286139662407890e-01 -1.836075984429220931e+00
3.796815735476590792e-01 -1.662757078047037984e+00
3.715833648833807845e-01 -1.486250009678784068e+00
3.604737545958200950e-01 -1.314418174904630865e+00
3.529484824664652631e-01 -1.156199588903162212e+00
3.574584034729912374e-01 -1.023252415380866198e+00
3.859028286290138166e-01 -9.320581383812838183e-01
5.952380952380906809e-01 -2.000000000000005329e+00
6.481106228117685664e-01 -1.848482533933103689e+00
6.442935365414766968e-01 -1.665585325299126618e+00
6.226352133026930025e-01 -1.474295211204191824e+00
5.967527242795962472e-01 -1.284001379818558553e+00
5.748262107110293506e-01 -1.101410351136999255e+00
5.693634265866867050e-01 -9.350210017897425674e-01
6.137643916488293439e-01 -8.004641545964538141e-01
9.999999999999977796e-01 -1.999999999999996447e+00
9.755822455012663763e-01 -1.892268826004063209e+00
9.267467365037864724e-01 -1.676806478012173196e+00
8.779112275063187809e-01 -1.461344130020299614e+00
8.290757185088425407e-01 -1.245881782028412488e+00
7.802402095113694092e-01 -1.030419434036533133e+00
7.314047005138968327e-01 -8.149570860446508913e-01
7.069869460151588791e-01 -7.072259120487095485e-01
