-7.999999999999987566e+00 -1.999999999999997558e+00
-7.392268826004070981e+00 -1.774417754498739175e+00
-6.176806478012167645e+00 -1.323253263496207088e+00
-4.961344130020302501e+00 -8.720887724936841057e-01
-3.745881782028409823e+00 -4.209242814911554054e-01
-2.530419434036536241e+00 3.024020951137031121e-02
-1.314957086044648005e+00 4.814047005138985535e-01
-7.072259120487114359e-01 7.069869460151599894e-01
-6.583333333333320603e+00 -2.000000000000000888e+00
-6.112525706714709628e+00 -1.700091102365805629e+00
-5.287000750935825444e+00 -1.332290994389482064e+00
-4.347807106908712527e+00 -9.417710846103728439e-01
-3.377375955571955579e+00 -5.437095756586176609e-01
-2.417995403908230312e+00 -1.452047153378651367e-01
-1.519279697418738584e+00 2.465778690693566644e-01
-8.004300165916664600e-01 6.137302536440392142e-01
-5.750000000000001776e+00 -1.999999999999999556e+00
-5.187499916585621484e+00 -1.693655660574999944e+00
-4.510863712107710199e+00 -1.364048527085542917e+00
-3.765507591106765251e+00 -1.018994995899707545e+00
-2.997819529442470987e+00 -6.669382211950773964e-01
-2.244906528605690621e+00 -3.139273642735698200e-01
-1.543736283130408893e+00 3.638123745735410280e-02
-9.319898623716964536e-01 3.858345526194292274e-01
-4.916666666666653640e+00 -1.999999999999998224e+00
-4.376610247520070551e+00 -1.710483012848652562e+00
-3.803446589802631728e+00 -1.411252457477982336e+00
-3.205540015968166845e+00 -1.103222150707837246e+00
-2.603488042485472942e+00 -7.911209489484147817e-01
-2.020074897941652292e+00 -4.799477580186908843e-01
-1.478769044125510579e+00 -1.729601075857995496e-01
-1.000120553762434916e+00 1.314980024756087496e-01
-4.083333333333348136e+00 -2.000000000000001776e+00
-3.598827817025373577e+00 -1.737023933341627968e+00
-3.120772383614576651e+00 -1.467256139269896842e+00
-2.649717840477798791e+00 -1.191520200505243654e+00
-2.190517726589600311e+00 -9.143756658720539887e-01
-1.753135976549936359e+00 -6.417826112669793304e-01
-1.351144441667544660e+00 -3.797719122574700901e-01
-1.000086415757636793e+00 -1.317369685091576426e-01
-3.249999999999983125e+00 -1.999999999999995115e+00
-2.814595303633498524e+00 -1.770356581247959582e+00
-2.431097287152502950e+00 -1.529227965754734075e+00
-2.082041235738851359e+00 -1.281226846171185985e+00
-1.755729046845193819e+00 -1.033078902767578189e+00
-1.450806840000947062e+00 -7.930351089197020809e-01
-1.172586330237093799e+00 -5.726079616679434769e-01
-9.318874483573202916e-01 -3.860735186529790086e-01
-2.416666666666698049e+00 -2.000000000000003553e+00
-1.978456110356136444e+00 -1.815174425895480059e+00
-1.706980225623083269e+00 -1.598072296329893449e+00
-1.491620768479907433e+00 -1.371080315657187132e+00
-1.299550385051376988e+00 -1.143677990107371034e+00
-1.121776006371564272e+00 -9.246709599763071052e-01
-9.565065909225635155e-01 -7.315513068416222842e-01
-8.002593265676970491e-01 -6.139692196775874411e-01
-9.999999999999982236e-01 -1.999999999999996669e+00
-9.755822455012657102e-01 -1.892268826004063875e+00
-9.267467365037873606e-01 -1.676806478012173418e+00
-8.779112275063196691e-01 -1.461344130020299392e+00
-8.290757185088426517e-01 -1.245881782028412044e+00
-7.802402095113700753e-01 -1.030419434036533577e+00
-7.314047005138983870e-01 -8.149570860446508913e-01
-7.069869460151599894e-01 -7.072259120487097706e-01
