-7.069869460151612106e-01 -7.072259120487105477e-01
-8.002251885629049211e-01 -6.139350816727953131e-01
-9.318191723477349253e-01 -3.860052426433936978e-01
-9.999840017432581885e-01 -1.316345544947795376e-01
-9.999840017432629624e-01 1.316345544947798152e-01
-9.318191723477313726e-01 3.860052426433932538e-01
-8.002251885629082517e-01 6.139350816727958682e-01
-7.069869460151597673e-01 7.072259120487097706e-01
-6.137643916488323415e-01 -8.004641545964588101e-01
-6.803631363257914844e-01 -6.805338263497586748e-01
-7.743588390292422963e-01 -4.259644894495727696e-01
-8.230480028831863581e-01 -1.449543034301740141e-01
-8.230480028831905770e-01 1.449543034301700173e-01
-7.743588390292381884e-01 4.259644894495680512e-01
-6.803631363257938158e-01 6.805338263497551221e-01
-6.137643916488300100e-01 8.004641545964538141e-01
-3.859028286290154264e-01 -9.320581383812815979e-01
-4.258620754351900017e-01 -7.745295290532028254e-01
-4.822594970572621764e-01 -4.823619110716376723e-01
-5.114729953696268705e-01 -1.637534439708597800e-01
-5.114729953696315334e-01 1.637534439708630551e-01
-4.822594970572589013e-01 4.823619110716403924e-01
-4.258620754351936100e-01 7.745295290532064891e-01
-3.859028286290145382e-01 9.320581383812841514e-01
-1.316004164899881035e-01 -1.000222967776812855e+00
-1.449201654253779170e-01 -8.232186929071547699e-01
-1.637193059660706496e-01 -5.115754093840103600e-01
-1.734571387368561424e-01 -1.734912767416533774e-01
-1.734571387368604445e-01 1.734912767416489088e-01
-1.637193059660667915e-01 5.115754093840054750e-01
-1.449201654253803595e-01 8.232186929071505510e-01
-1.316004164899856055e-01 1.000222967776807748e+00
1.316004164899859663e-01 -1.000222967776807970e+00
1.449201654253807203e-01 -8.232186929071501069e-01
1.637193059660667638e-01 -5.115754093840056971e-01
1.734571387368605278e-01 -1.734912767416486312e-01
1.734571387368561146e-01 1.734912767416535717e-01
1.637193059660704275e-01 5.115754093840103600e-01
1.449201654253779448e-01 8.232186929071551029e-01
1.316004164899877704e-01 1.000222967776812855e+00
3.859028286290140386e-01 -9.320581383812844845e-01
4.258620754351932769e-01 -7.745295290532060450e-01
4.822594970572585127e-01 -4.823619110716407254e-01
5.114729953696314224e-01 -1.637534439708631107e-01
5.114729953696270925e-01 1.637534439708598355e-01
4.822594970572617878e-01 4.823619110716373393e-01
4.258620754351905013e-01 7.745295290532027144e-01
3.859028286290156484e-01 9.320581383812810428e-01
6.137643916488297879e-01 -8.004641545964542582e-01
6.803631363257940379e-01 -6.805338263497546780e-01
7.743588390292380774e-01 -4.259644894495682177e-01
8.230480028831906880e-01 -1.449543034301694899e-01
8.230480028831862471e-01 1.449543034301744859e-01
7.743588390292419632e-01 4.259644894495732692e-01
6.803631363257915954e-01 6.805338263497595630e-01
6.137643916488326745e-01 8.004641545964590321e-01
7.069869460151595453e-01 -7.072259120487104367e-01
8.002251885629081407e-01 -6.139350816727956461e-01
9.318191723477311506e-01 -3.860052426433937534e-01
9.999840017432628514e-01 -1.316345544947797319e-01
9.999840017432582995e-01 1.316345544947794544e-01
9.318191723477344812e-01 3.860052426433936423e-01
8.002251885629051431e-01 6.139350816727950910e-01
7.069869460151609886e-01 7.072259120487102146e-01
