9.999999999999973355e-01 -1.999999999999996669e+00
9.755822455012665984e-01 -1.892268826004062987e+00
9.267467365037864724e-01 -1.676806478012173640e+00
8.779112275063187809e-01 -1.461344130020299614e+00
8.290757185088426517e-01 -1.245881782028412044e+00
7.802402095113691871e-01 -1.030419434036533133e+00
7.314047005138968327e-01 -8.149570860446510023e-01
7.069869460151587681e-01 -7.072259120487094375e-01
2.416666666666664298e+00 -1.999999999999999778e+00
1.978456110356128006e+00 -1.815174425895479171e+00
1.706980225623080161e+00 -1.598072296329893671e+00
1.491620768479906101e+00 -1.371080315657187576e+00
1.299550385051376322e+00 -1.143677990107371034e+00
1.121776006371563605e+00 -9.246709599763073273e-01
9.565065909225630714e-01 -7.315513068416225062e-01
8.002593265676998247e-01 -6.139692196775879962e-01
3.250000000000004441e+00 -1.999999999999999112e+00
2.814595303633500745e+00 -1.770356581247959582e+00
2.431097287152500730e+00 -1.529227965754734075e+00
2.082041235738849139e+00 -1.281226846171185985e+00
1.755729046845192709e+00 -1.033078902767578189e+00
1.450806840000945952e+00 -7.930351089197023029e-01
1.172586330237092245e+00 -5.726079616679438100e-01
9.318874483573155176e-01 -3.860735186529794527e-01
4.083333333333324155e+00 -1.999999999999998224e+00
3.598827817025369136e+00 -1.737023933341627302e+00
3.120772383614574430e+00 -1.467256139269897286e+00
2.649717840477797015e+00 -1.191520200505243654e+00
2.190517726589598979e+00 -9.143756658720544328e-01
1.753135976549934805e+00 -6.417826112669797745e-01
1.351144441667543328e+00 -3.797719122574707562e-01
1.000086415757639458e+00 -1.317369685091586140e-01
4.916666666666674956e+00 -2.000000000000002665e+00
4.376610247520074992e+00 -1.710483012848653228e+00
3.803446589802631728e+00 -1.411252457477982780e+00
3.205540015968166845e+00 -1.103222150707837690e+00
2.603488042485471610e+00 -7.911209489484156698e-01
2.020074897941650960e+00 -4.799477580186916614e-01
1.478769044125507248e+00 -1.729601075858006043e-01
1.000120553762427367e+00 1.314980024756073340e-01
5.749999999999991118e+00 -1.999999999999998002e+00
5.187499916585622373e+00 -1.693655660575000166e+00
4.510863712107711976e+00 -1.364048527085543583e+00
3.765507591106763918e+00 -1.018994995899708433e+00
2.997819529442470099e+00 -6.669382211950782846e-01
2.244906528605688845e+00 -3.139273642735708192e-01
1.543736283130407783e+00 3.638123745735295789e-02
9.319898623716962316e-01 3.858345526194283392e-01
6.583333333333335702e+00 -2.000000000000003997e+00
6.112525706714710516e+00 -1.700091102365806517e+00
5.287000750935828108e+00 -1.332290994389482952e+00
4.347807106908708086e+00 -9.417710846103730660e-01
3.377375955571956023e+00 -5.437095756586187711e-01
2.417995403908227203e+00 -1.452047153378663857e-01
1.519279697418737474e+00 2.465778690693549990e-01
8.004300165916592436e-01 6.137302536440364387e-01
7.999999999999995559e+00 -1.999999999999998002e+00
7.392268826004056770e+00 -1.774417754498738065e+00
6.176806478012183632e+00 -1.323253263496209753e+00
4.961344130020288290e+00 -8.720887724936829954e-01
3.745881782028422258e+00 -4.209242814911574038e-01
2.530419434036526027e+00 3.024020951136897895e-02
1.314957086044655998e+00 4.814047005138968882e-01
7.072259120487074391e-01 7.069869460151584351e-01
