-7.072259120487113249e-01 7.069869460151599894e-01
-1.314957086044648005e+00 4.814047005138984980e-01
-2.530419434036536686e+00 3.024020951137031121e-02
-3.745881782028409379e+00 -4.209242814911553499e-01
-4.961344130020301613e+00 -8.720887724936838836e-01
-6.176806478012167645e+00 -1.323253263496207310e+00
-7.392268826004071869e+00 -1.774417754498739175e+00
-7.999999999999989342e+00 -1.999999999999997780e+00
-6.139350816727962012e-01 8.002251885629038108e-01
-1.358341422721983882e+00 8.697710881869236133e-01
-2.536841459482570116e+00 7.137347423096767063e-01
-3.715341496243138586e+00 5.576983964324322418e-01
-4.893841533003729261e+00 4.016620505551853904e-01
-6.072341569764290625e+00 2.456257046779428688e-01
-7.250841606524889293e+00 8.958935880069307522e-02
-7.995247947574062763e+00 1.591352584247156532e-01
-3.860052426433952522e-01 9.318191723477337041e-01
-9.813274214156197939e-01 1.511833376550299590e+00
-1.837105817614689052e+00 1.866265335251598989e+00
-2.692884213813739880e+00 2.220697293952900608e+00
-3.548662610012814245e+00 2.575129252654199785e+00
-4.404441006211858856e+00 2.929561211355502515e+00
-5.260219402410940326e+00 3.283993170056800359e+00
-5.855541581183152822e+00 3.864007374259368799e+00
-1.316345544947809532e-01 9.999840017432573003e-01
-3.568672957861854789e-01 1.876704108591254583e+00
-6.689187762198813836e-01 2.527841969937984601e+00
-9.809702566535576373e-01 3.178979831284717950e+00
-1.293021737087257872e+00 3.830117692631448634e+00
-1.605073217520930573e+00 4.481255553978182427e+00
-1.917124697954633472e+00 5.132393415324910890e+00
-2.142357439246031614e+00 6.009113522172910393e+00
1.316345544947779556e-01 9.999840017432619632e-01
3.568672957861949713e-01 1.876704108591259246e+00
6.689187762198737230e-01 2.527841969937990374e+00
9.809702566535740687e-01 3.178979831284722835e+00
1.293021737087248546e+00 3.830117692631454851e+00
1.605073217520951445e+00 4.481255553978186867e+00
1.917124697954625479e+00 5.132393415324917996e+00
2.142357439246045381e+00 6.009113522172917499e+00
3.860052426433912554e-01 9.318191723477299293e-01
9.813274214156268993e-01 1.511833376550295593e+00
1.837105817614677061e+00 1.866265335251594992e+00
2.692884213813750982e+00 2.220697293952896167e+00
3.548662610012796925e+00 2.575129252654196677e+00
4.404441006211869514e+00 2.929561211355498518e+00
5.260219402410919898e+00 3.283993170056797251e+00
5.855541581183153710e+00 3.864007374259364802e+00
6.139350816727935367e-01 8.002251885629076966e-01
1.358341422721994540e+00 8.697710881869267219e-01
2.536841459482563010e+00 7.137347423096791488e-01
3.715341496243157238e+00 5.576983964324333520e-01
4.893841533003723043e+00 4.016620505551877773e-01
6.072341569764315494e+00 2.456257046779417585e-01
7.250841606524884853e+00 8.958935880069374136e-02
7.995247947574080527e+00 1.591352584247149871e-01
7.072259120487076611e-01 7.069869460151584351e-01
1.314957086044656220e+00 4.814047005138968882e-01
2.530419434036526027e+00 3.024020951136897895e-02
3.745881782028422258e+00 -4.209242814911573483e-01
4.961344130020288290e+00 -8.720887724936831065e-01
6.176806478012184520e+00 -1.323253263496210197e+00
7.392268826004055882e+00 -1.774417754498737843e+00
7.999999999999994671e+00 -1.999999999999997780e+00
