1.33333333333 0
1.06666666667 0
0.533333333333 0
-2.22044604925e-16 0
-0.533333333333 0
-1.06666666667 0
-1.33333333333 0
0.972222222222 0.0833333333333
0.777777777778 0.0833333333333
0.388888888889 0.0833333333333
-1.263219877e-16 0.0833333333333
-0.388888888889 0.0833333333333
-0.777777777778 0.0833333333333
-0.972222222222 0.0833333333333
0.611111111111 0.166666666667
0.488888888889 0.166666666667
0.244444444444 0.166666666667
-3.05993704741e-17 0.166666666667
-0.244444444444 0.166666666667
-0.488888888889 0.166666666667
-0.611111111111 0.166666666667
0.25 0.25
0.2 0.25
0.1 0.25
6.51232467513e-17 0.25
-0.1 0.25
-0.2 0.25
-0.25 0.25
