0.25 0.25
0.2 0.25
0.1 0.25
9.28788223669e-17 0.25
-0.1 0.25
-0.2 0.25
-0.25 0.25
0.25 0.3
0.2 0.3
0.1 0.3
9.28788223669e-17 0.3
-0.1 0.3
-0.2 0.3
-0.25 0.3
0.25 0.4
0.2 0.4
0.1 0.4
9.28788223669e-17 0.4
-0.1 0.4
-0.2 0.4
-0.25 0.4
0.25 0.5
0.2 0.5
0.1 0.5
9.28788223669e-17 0.5
-0.1 0.5
-0.2 0.5
-0.25 0.5
0.25 0.6
0.2 0.6
0.1 0.6
9.28788223669e-17 0.6
-0.1 0.6
-0.2 0.6
-0.25 0.6
0.25 0.7
0.2 0.7
0.1 0.7
9.28788223669e-17 0.7
-0.1 0.7
-0.2 0.7
-0.25 0.7
0.25 0.75
0.2 0.75
0.1 0.75
9.28788223669e-17 0.75
-0.1 0.75
-0.2 0.75
-0.25 0.75
