-9.999999999999994449e-01 -1.999999999999998890e+00
-9.259013477835003059e-01 -1.677992054836249913e+00
-7.777040433505009176e-01 -1.033976164508752627e+00
-7.036053911340011124e-01 -7.119682193450018737e-01
-1.666666666666651864e-01 -2.000000000000000000e+00
-2.544350225724771875e-01 -1.776347517347803606e+00
-3.175038277394559572e-01 -1.230687089531856682e+00
-4.052721836452676807e-01 -1.007034606879658734e+00
1.666666666666648533e-01 -1.999999999999997780e+00
2.544350225724768544e-01 -1.776347517347802718e+00
3.175038277394555686e-01 -1.230687089531855571e+00
4.052721836452674031e-01 -1.007034606879659178e+00
9.999999999999994449e-01 -1.999999999999998002e+00
9.259013477835003059e-01 -1.677992054836251912e+00
7.777040433505009176e-01 -1.033976164508750628e+00
7.036053911340011124e-01 -7.119682193450025398e-01
