-7.999999999999993783e+00 -1.999999999999998668e+00
-6.177992054836255242e+00 -1.324098652216501026e+00
-2.533976164508746631e+00 2.770404335050252742e-02
-7.119682193450043162e-01 7.036053911340003353e-01
-5.083333333333328596e+00 -1.999999999999998446e+00
-4.136761726108000303e+00 -1.385150768667328114e+00
-1.950818604701324954e+00 -2.123646570910711073e-01
-1.004246997475993330e+00 4.024845742416003347e-01
-3.916666666666669627e+00 -2.000000000000000000e+00
-3.163842601534862631e+00 -1.616939938385423270e+00
-1.754283453204133369e+00 -7.939074640671792693e-01
-1.001459388072325707e+00 -4.108474024526013735e-01
-1.000000000000000000e+00 -1.999999999999998668e+00
-9.259013477835003059e-01 -1.677992054836249913e+00
-7.777040433505009176e-01 -1.033976164508752404e+00
-7.036053911340010014e-01 -7.119682193450018737e-01
