-7.036053911340015565e-01 -7.119682193450025398e-01
-9.986717786686581944e-01 -4.080597930489345271e-01
-9.986717786686578613e-01 4.080597930489347491e-01
-7.036053911340013345e-01 7.119682193450024288e-01
-4.052721836452677917e-01 -1.007034606879659178e+00
-5.036276461568203189e-01 -5.064152555604869432e-01
-5.036276461568199858e-01 5.064152555604870543e-01
-4.052721836452678472e-01 1.007034606879658956e+00
4.052721836452676252e-01 -1.007034606879659178e+00
5.036276461568195417e-01 -5.064152555604873873e-01
5.036276461568198748e-01 5.064152555604866102e-01
4.052721836452677362e-01 1.007034606879658067e+00
7.036053911340015565e-01 -7.119682193450023178e-01
9.986717786686580833e-01 -4.080597930489350267e-01
9.986717786686581944e-01 4.080597930489348046e-01
7.036053911340015565e-01 7.119682193450019847e-01
