9.999999999999991118e-01 -1.999999999999998002e+00
9.259013477835003059e-01 -1.677992054836251690e+00
7.777040433505009176e-01 -1.033976164508750406e+00
7.036053911340010014e-01 -7.119682193450025398e-01
3.916666666666673180e+00 -1.999999999999999112e+00
3.163842601534866183e+00 -1.616939938385425046e+00
1.754283453204134702e+00 -7.939074640671780481e-01
1.001459388072325485e+00 -4.108474024526023172e-01
5.083333333333318826e+00 -1.999999999999998224e+00
4.136761726107994086e+00 -1.385150768667329446e+00
1.950818604701321402e+00 -2.123646570910697751e-01
1.004246997475993997e+00 4.024845742416003347e-01
7.999999999999992895e+00 -1.999999999999998002e+00
6.177992054836255242e+00 -1.324098652216501470e+00
2.533976164508745299e+00 2.770404335050311029e-02
7.119682193450054264e-01 7.036053911340004463e-01
