-7.119682193450044272e-01 7.036053911340004463e-01
-2.533976164508747075e+00 2.770404335050252742e-02
-6.177992054836255242e+00 -1.324098652216500804e+00
-7.999999999999992895e+00 -1.999999999999998224e+00
-4.080597930489352487e-01 9.986717786686574172e-01
-2.444224090629850465e+00 2.838181388215199608e+00
-5.087724369932020707e+00 4.001789649978235275e+00
-7.123888667512932926e+00 5.841299259524778797e+00
4.080597930489358038e-01 9.986717786686565290e-01
2.444224090629848689e+00 2.838181388215199608e+00
5.087724369932018931e+00 4.001789649978236163e+00
7.123888667512931150e+00 5.841299259524779686e+00
7.119682193450053154e-01 7.036053911340004463e-01
2.533976164508745299e+00 2.770404335050311029e-02
6.177992054836255242e+00 -1.324098652216501693e+00
7.999999999999992895e+00 -1.999999999999997780e+00
