-1.000000000000000444e+00 -2.000000000000000000e+00
-9.999999999999991118e-01 -1.874999999999998668e+00
-1.000000000000000444e+00 -1.625000000000000000e+00
-9.999999999999993339e-01 -1.375000000000000444e+00
-1.000000000000000000e+00 -1.124999999999999334e+00
-9.999999999999995559e-01 -9.999999999999995559e-01
-4.500000000000001776e-01 -2.000000000000000888e+00
-5.546318181818179482e-01 -1.823863636363636465e+00
-5.886045454545454358e-01 -1.610795454545454142e+00
-6.048045454545452060e-01 -1.389204545454545414e+00
-6.242318181818179434e-01 -1.176136363636363313e+00
-6.599999999999996980e-01 -9.999999999999995559e-01
-1.499999999999998002e-01 -2.000000000000002220e+00
-1.799227272727270677e-01 -1.809659090909091717e+00
-1.949818181818180340e-01 -1.605113636363636020e+00
-2.063818181818180275e-01 -1.394886363636363313e+00
-2.321227272727272029e-01 -1.190340909090908728e+00
-3.299999999999999600e-01 -9.999999999999995559e-01
1.500000000000003553e-01 -2.000000000000000444e+00
1.799227272727274562e-01 -1.809659090909091272e+00
1.949818181818182838e-01 -1.605113636363636465e+00
2.063818181818181940e-01 -1.394886363636363535e+00
2.321227272727272306e-01 -1.190340909090908728e+00
3.299999999999999600e-01 -9.999999999999995559e-01
4.500000000000000666e-01 -2.000000000000000444e+00
5.546318181818181703e-01 -1.823863636363636465e+00
5.886045454545455469e-01 -1.610795454545454808e+00
6.048045454545453170e-01 -1.389204545454545636e+00
6.242318181818180545e-01 -1.176136363636363313e+00
6.599999999999996980e-01 -9.999999999999995559e-01
1.000000000000000444e+00 -2.000000000000000444e+00
9.999999999999991118e-01 -1.874999999999998446e+00
1.000000000000000444e+00 -1.625000000000000000e+00
9.999999999999993339e-01 -1.375000000000000222e+00
1.000000000000000000e+00 -1.124999999999999556e+00
9.999999999999995559e-01 -9.999999999999995559e-01
