-8.000000000000000000e+00 -2.000000000000000000e+00
-7.249999999999995559e+00 -1.499999999999999112e+00
-5.750000000000001776e+00 -5.000000000000001110e-01
-4.250000000000000000e+00 4.999999999999998890e-01
-2.749999999999998224e+00 1.500000000000000000e+00
-2.000000000000000000e+00 1.999999999999999112e+00
-6.075000000000000178e+00 -2.000000000000000000e+00
-5.634962121212120145e+00 -1.419772727272726964e+00
-4.742443181818182474e+00 -7.028977272727273684e-01
-3.770056818181817260e+00 2.107954545454530926e-02
-2.929621212121211293e+00 6.470454545454541462e-01
-2.500000000000000888e+00 9.999999999999993339e-01
-5.025000000000002132e+00 -2.000000000000000000e+00
-4.472405303030303259e+00 -1.476193181818181710e+00
-3.814753787878787161e+00 -9.128977272727273329e-01
-3.158162878787877936e+00 -3.598295454545454852e-01
-2.698428030303029690e+00 6.710227272727248282e-02
-2.999999999999999556e+00 -5.551115123125782702e-16
-3.975000000000000533e+00 -2.000000000000000000e+00
-3.414905303030303596e+00 -1.572102272727272654e+00
-2.886003787878787641e+00 -1.112670454545454657e+00
-2.349412878787878078e+00 -6.146022727272728581e-01
-1.705928030303030196e+00 -1.880681818181825782e-02
-5.000000000000000000e-01 9.999999999999997780e-01
-2.925000000000005151e+00 -2.000000000000000000e+00
-2.326212121212123396e+00 -1.699545454545454692e+00
-1.964943181818182616e+00 -1.351079545454545672e+00
-1.647556818181818317e+00 -9.671022727272730046e-01
-1.275871212121212128e+00 -5.277272727272726005e-01
-7.499999999999997780e-01 1.110223024625156540e-16
-1.000000000000000888e+00 -2.000000000000000000e+00
-9.999999999999991118e-01 -1.874999999999998890e+00
-1.000000000000000000e+00 -1.625000000000000444e+00
-9.999999999999995559e-01 -1.375000000000000444e+00
-1.000000000000000000e+00 -1.124999999999999334e+00
-9.999999999999995559e-01 -9.999999999999995559e-01
