-1.000000000000000000e+00 -1.000000000000000000e+00
-7.500000000000000000e-01 0.000000000000000000e+00
-5.000000000000000000e-01 1.000000000000000000e+00
-2.999999999999999556e+00 0.000000000000000000e+00
-2.500000000000000000e+00 1.000000000000000222e+00
-2.000000000000000000e+00 2.000000000000000000e+00
-6.600000000000001421e-01 -1.000000000000000000e+00
-6.878429512153888536e-01 -1.889135777235464719e-01
-2.704565691064113042e-01 1.383376587884602271e+00
-1.740081646576209229e+00 1.494141244834080506e+00
-2.388063381364587290e+00 1.291559691815873823e+00
-1.500000000000000000e+00 2.000000000000000000e+00
-3.300000000000000711e-01 -1.000000000000000000e+00
-5.191155313240610747e-01 -1.917627662019009138e-01
-8.433030146226890011e-02 1.054257924830045434e+00
-3.281952193051024258e-01 1.692340687419266798e+00
-9.778907036885372550e-01 1.878457636433250366e+00
-5.000000000000000000e-01 2.000000000000000000e+00
3.300000000000000711e-01 -1.000000000000000000e+00
5.191155313236222035e-01 -1.917627662006936295e-01
8.433030146238275349e-02 1.054257924830457993e+00
3.281952193051361211e-01 1.692340687419344736e+00
9.778907036885142734e-01 1.878457636433263467e+00
5.000000000000000000e-01 2.000000000000000000e+00
6.600000000000001421e-01 -1.000000000000000000e+00
6.878429512149353275e-01 -1.889135777229032920e-01
2.704565691067222777e-01 1.383376587884464382e+00
1.740081646574733965e+00 1.494141244834320759e+00
2.388063381364588622e+00 1.291559691815790778e+00
1.500000000000000000e+00 2.000000000000000000e+00
1.000000000000000000e+00 -1.000000000000000000e+00
7.500000000000000000e-01 0.000000000000000000e+00
5.000000000000000000e-01 1.000000000000000000e+00
2.999999999999999556e+00 0.000000000000000000e+00
2.500000000000000000e+00 1.000000000000000222e+00
2.000000000000000000e+00 2.000000000000000000e+00
