1.000000000000000000e+00 -2.000000000000000000e+00
9.999999999999991118e-01 -1.874999999999998668e+00
1.000000000000000000e+00 -1.625000000000000000e+00
9.999999999999995559e-01 -1.375000000000000444e+00
1.000000000000000000e+00 -1.124999999999999778e+00
9.999999999999995559e-01 -9.999999999999995559e-01
2.925000000000010481e+00 -1.999999999999999778e+00
2.326212121212123840e+00 -1.699545454545454026e+00
1.964943181818179285e+00 -1.351079545454545006e+00
1.647556818181820537e+00 -9.671022727272776676e-01
1.275871212121301390e+00 -5.277272727272844799e-01
7.499999999999997780e-01 4.440892098500626162e-16
3.974999999999997868e+00 -1.999999999999999112e+00
3.414905303030304040e+00 -1.572102272727272432e+00
2.886003787878788973e+00 -1.112670454545453769e+00
2.349412878787889181e+00 -6.146022727272708597e-01
1.705928030303079268e+00 -1.880681818182383669e-02
5.000000000000004441e-01 1.000000000000000444e+00
5.025000000000006573e+00 -2.000000000000000000e+00
4.472405303030305035e+00 -1.476193181818181266e+00
3.814753787878788938e+00 -9.128977272727266667e-01
3.158162878787880157e+00 -3.598295454545464289e-01
2.718519283746565041e+00 6.375373048668302178e-02
3.000000000000000444e+00 4.440892098500626162e-16
6.074999999999993960e+00 -1.999999999999995559e+00
5.634962121212120145e+00 -1.419772727272726298e+00
4.742443181818182474e+00 -7.028977272727268133e-01
3.770056818181819036e+00 2.107954545454571865e-02
2.922924127640032843e+00 6.303027433425064663e-01
2.500000000000000888e+00 1.000000000000000222e+00
7.999999999999996447e+00 -1.999999999999998668e+00
7.249999999999998224e+00 -1.500000000000000000e+00
5.750000000000000000e+00 -4.999999999999997780e-01
4.250000000000000000e+00 5.000000000000001110e-01
2.749999999999996447e+00 1.499999999999999334e+00
2.000000000000001776e+00 2.000000000000000000e+00
