-2.000000000000000000e+00 1.999999999999999112e+00
-2.749999999999997335e+00 1.500000000000000000e+00
-4.250000000000000000e+00 4.999999999999997780e-01
-5.750000000000000888e+00 -5.000000000000001110e-01
-7.249999999999996447e+00 -1.499999999999999112e+00
-8.000000000000000000e+00 -2.000000000000000000e+00
-1.500000000000000000e+00 1.999999999999999112e+00
-2.524576277464069207e+00 2.164905192108992349e+00
-3.999152554928139924e+00 1.829810384217984698e+00
-5.473728832392210641e+00 1.494715576326977491e+00
-6.948305109856275585e+00 1.159620768435970506e+00
-7.972881387320349234e+00 1.324525960544961301e+00
-4.999999999999996669e-01 1.999999999999999556e+00
-9.731325448126166844e-01 3.096565818538035586e+00
-1.596265089625232392e+00 3.693131637076072504e+00
-2.219397634437850986e+00 4.289697455614108534e+00
-2.842530179250465139e+00 4.886263274152145897e+00
-3.315662724063083822e+00 5.982829092690180595e+00
5.000000000000006661e-01 2.000000000000000000e+00
9.731325448126151301e-01 3.096565818538036474e+00
1.596265089625233280e+00 3.693131637076074281e+00
2.219397634437848765e+00 4.289697455614112087e+00
2.842530179250465139e+00 4.886263274152148561e+00
3.315662724063080269e+00 5.982829092690186812e+00
1.500000000000000888e+00 2.000000000000000000e+00
2.524576277464066543e+00 2.164905192108991017e+00
3.999152554928137704e+00 1.829810384217983366e+00
5.473728832392206201e+00 1.494715576326975270e+00
6.948305109856272033e+00 1.159620768435966509e+00
7.972881387320340352e+00 1.324525960544958858e+00
2.000000000000001776e+00 2.000000000000000000e+00
2.749999999999997335e+00 1.499999999999999112e+00
4.250000000000001776e+00 5.000000000000001110e-01
5.750000000000000888e+00 -4.999999999999997780e-01
7.249999999999996447e+00 -1.500000000000000000e+00
7.999999999999996447e+00 -1.999999999999999112e+00
