1.33333333333 0
1.06666666667 0
0.533333333333 0
-2.22044604925e-16 0
-0.533333333333 0
-1.06666666667 0
-1.33333333333 0
1.0625 0.0625
0.85 0.0625
0.425 0.0625
-1.50252642006e-16 0.0625
-0.425 0.0625
-0.85 0.0625
-1.0625 0.0625
0.791666666667 0.125
0.633333333333 0.125
0.316666666667 0.125
-7.84606790869e-17 0.125
-0.316666666667 0.125
-0.633333333333 0.125
-0.791666666667 0.125
0.520833333333 0.1875
0.416666666667 0.1875
0.208333333333 0.1875
-6.66871616777e-18 0.1875
-0.208333333333 0.1875
-0.416666666667 0.1875
-0.520833333333 0.1875
0.25 0.25
0.2 0.25
0.1 0.25
6.51232467513e-17 0.25
-0.1 0.25
-0.2 0.25
-0.25 0.25
