-1.33333333333 0
-1.6 0
-2.13333333333 0
-2.66666666667 0
-3.2 0
-3.73333333333 0
-4 0
-1.0625 0.0625
-1.2625 0.075
-1.6625 0.1
-2.0625 0.125
-2.4625 0.15
-2.8625 0.175
-3.0625 0.1875
-0.791666666667 0.125
-0.925 0.15
-1.19166666667 0.2
-1.45833333333 0.25
-1.725 0.3
-1.99166666667 0.35
-2.125 0.375
-0.520833333333 0.1875
-0.5875 0.225
-0.720833333333 0.3
-0.854166666667 0.375
-0.9875 0.45
-1.12083333333 0.525
-1.1875 0.5625
-0.25 0.25
-0.25 0.3
-0.25 0.4
-0.25 0.5
-0.25 0.6
-0.25 0.7
-0.25 0.75
