-9.999999999999996669e-01 -1.999999999999999778e+00
-9.633373983304254207e-01 -1.838441036310798138e+00
-8.900121949912780384e-01 -1.515323108932400409e+00
-8.166869916521295458e-01 -1.192205181553994908e+00
-7.433617883129806092e-01 -8.690872541755978453e-01
-7.066991866434074732e-01 -7.075282904863942068e-01
-4.499999999999988454e-01 -2.000000000000000444e+00
-5.263690783093717407e-01 -1.782794449177883100e+00
-5.224114197588799469e-01 -1.521679866768862466e+00
-5.009960083033250244e-01 -1.258225677247435392e+00
-4.956825495516276048e-01 -1.020625725914425352e+00
-5.656214460717597925e-01 -8.486160769424577754e-01
-1.499999999999990785e-01 -1.999999999999999334e+00
-1.697274951481829164e-01 -1.771056893631871354e+00
-1.722683974315449007e-01 -1.530376231717730739e+00
-1.692030722506627505e-01 -1.298391934752458843e+00
-1.727509555184450485e-01 -1.106573895292210619e+00
-1.988691557899360252e-01 -1.000704025209747661e+00
1.500000000000005218e-01 -2.000000000000000888e+00
1.697274951481841099e-01 -1.771056893631871798e+00
1.722683974315458999e-01 -1.530376231717730962e+00
1.692030722506638052e-01 -1.298391934752459065e+00
1.727509555184461032e-01 -1.106573895292210619e+00
1.988691557899370244e-01 -1.000704025209746995e+00
4.500000000000006217e-01 -1.999999999999998668e+00
5.263690783093728509e-01 -1.782794449177882878e+00
5.224114197588807240e-01 -1.521679866768862910e+00
5.009960083033259126e-01 -1.258225677247436058e+00
4.956825495516286595e-01 -1.020625725914426241e+00
5.656214460717611248e-01 -8.486160769424604400e-01
9.999999999999996669e-01 -1.999999999999999778e+00
9.633373983304256427e-01 -1.838441036310798360e+00
8.900121949912782604e-01 -1.515323108932400409e+00
8.166869916521299899e-01 -1.192205181553995574e+00
7.433617883129817194e-01 -8.690872541755977343e-01
7.066991866434083613e-01 -7.075282904863947619e-01
