-8.000000000000000000e+00 -1.999999999999999334e+00
-7.088441036310794807e+00 -1.661662601669573691e+00
-5.265323108932399521e+00 -9.849878050087224057e-01
-3.442205181553995796e+00 -3.083130083478702876e-01
-1.619087254175598067e+00 3.683617883129813864e-01
-7.075282904863948730e-01 7.066991866434068070e-01
-6.075000000000000178e+00 -1.999999999999999334e+00
-5.438898213958600181e+00 -1.577527156909908523e+00
-4.292295686400451338e+00 -1.054586396973166584e+00
-3.019830400483612287e+00 -5.028538139150434683e-01
-1.797310685819654141e+00 4.714023672958424921e-02
-8.484502561738604953e-01 5.654556253031620683e-01
-5.025000000000000355e+00 -2.000000000000001332e+00
-4.299856133123157065e+00 -1.593859628996894484e+00
-3.445131022227192030e+00 -1.152976812058992273e+00
-2.547510048160346763e+00 -6.956560870687212850e-01
-1.701874832445547714e+00 -2.424026527827629618e-01
-1.000372383672553100e+00 1.985375142527412984e-01
-3.975000000000001421e+00 -2.000000000000000444e+00
-3.290395296306835249e+00 -1.644934547018675364e+00
-2.640862221224815620e+00 -1.267805135197187738e+00
-2.023203937485035908e+00 -8.843910695180865478e-01
-1.462306212129636851e+00 -5.196322750446562555e-01
-1.000206562903954710e+00 -1.993666180957291978e-01
-2.924999999999998046e+00 -1.999999999999999778e+00
-2.245862830879365113e+00 -1.718073423880617678e+00
-1.804718628880200626e+00 -1.388918112192996546e+00
-1.442137268425343510e+00 -1.054470780761781246e+00
-1.123939515684007961e+00 -7.523687597820463147e-01
-8.479527938680705423e-01 -5.662847291461495791e-01
-1.000000000000000000e+00 -1.999999999999999778e+00
-9.633373983304256427e-01 -1.838441036310798138e+00
-8.900121949912778163e-01 -1.515323108932400187e+00
-8.166869916521295458e-01 -1.192205181553994908e+00
-7.433617883129808313e-01 -8.690872541755977343e-01
-7.066991866434074732e-01 -7.075282904863942068e-01
