-7.066991866434074732e-01 -7.075282904863955391e-01
-8.477869730994733732e-01 -5.661189083775527431e-01
-9.998749213667602609e-01 -1.990349765585343045e-01
-9.998749213667615932e-01 1.990349765585342490e-01
-8.477869730994717079e-01 5.661189083775532982e-01
-7.066991866434085834e-01 7.075282904863958722e-01
-5.656214460717597925e-01 -8.486160769424588857e-01
-6.502741179454000209e-01 -6.507715802511901959e-01
-7.415268869057713985e-01 -2.272525338497460579e-01
-7.415268869057727308e-01 2.272525338497483893e-01
-6.502741179453979115e-01 6.507715802511930825e-01
-5.656214460717606807e-01 8.486160769424617722e-01
-1.988691557899360252e-01 -1.000704025209748993e+00
-2.270867130811504431e-01 -7.420243492115650152e-01
-2.575043027346065605e-01 -2.576701235032052839e-01
-2.575043027346076707e-01 2.576701235032043957e-01
-2.270867130811488055e-01 7.420243492115644601e-01
-1.988691557899371909e-01 1.000704025209748327e+00
1.988691557899370799e-01 -1.000704025209748327e+00
2.270867130811487222e-01 -7.420243492115644601e-01
2.575043027346078373e-01 -2.576701235032043402e-01
2.575043027346068381e-01 2.576701235032052839e-01
2.270867130811503043e-01 7.420243492115651263e-01
1.988691557899362472e-01 1.000704025209748993e+00
5.656214460717611248e-01 -8.486160769424617722e-01
6.502741179453985776e-01 -6.507715802511933045e-01
7.415268869057727308e-01 -2.272525338497485559e-01
7.415268869057719536e-01 2.272525338497457525e-01
6.502741179453999099e-01 6.507715802511901959e-01
5.656214460717601256e-01 8.486160769424587746e-01
7.066991866434085834e-01 -7.075282904863958722e-01
8.477869730994715969e-01 -5.661189083775537423e-01
9.998749213667613711e-01 -1.990349765585342490e-01
9.998749213667603719e-01 1.990349765585340269e-01
8.477869730994731512e-01 5.661189083775527431e-01
7.066991866434076952e-01 7.075282904863955391e-01
