1.000000000000000000e+00 -1.999999999999999556e+00
9.633373983304256427e-01 -1.838441036310798138e+00
8.900121949912778163e-01 -1.515323108932400409e+00
8.166869916521299899e-01 -1.192205181553995796e+00
7.433617883129817194e-01 -8.690872541755977343e-01
7.066991866434084724e-01 -7.075282904863947619e-01
2.924999999999998046e+00 -2.000000000000000000e+00
2.245862830879364225e+00 -1.718073423880617456e+00
1.804718628880199960e+00 -1.388918112192996546e+00
1.442137268425343288e+00 -1.054470780761781246e+00
1.123939515684007961e+00 -7.523687597820462036e-01
8.479527938680692101e-01 -5.662847291461502452e-01
3.974999999999997868e+00 -2.000000000000000444e+00
3.290395296306833472e+00 -1.644934547018674920e+00
2.640862221224814732e+00 -1.267805135197187294e+00
2.023203937485035908e+00 -8.843910695180862147e-01
1.462306212129637073e+00 -5.196322750446558114e-01
1.000206562903956264e+00 -1.993666180957284761e-01
5.024999999999994138e+00 -2.000000000000000000e+00
4.299856133123155288e+00 -1.593859628996894262e+00
3.445131022227192030e+00 -1.152976812058992273e+00
2.547510048160347207e+00 -6.956560870687210629e-01
1.701874832445547936e+00 -2.424026527827623512e-01
1.000372383672553100e+00 1.985375142527422421e-01
6.074999999999993960e+00 -2.000000000000000888e+00
5.438898213958602845e+00 -1.577527156909909190e+00
4.292295686400450450e+00 -1.054586396973166584e+00
3.019830400483613175e+00 -5.028538139150430242e-01
1.797310685819655030e+00 4.714023672958519984e-02
8.484502561738629378e-01 5.654556253031632895e-01
7.999999999999985789e+00 -1.999999999999998890e+00
7.088441036310805465e+00 -1.661662601669573691e+00
5.265323108932394192e+00 -9.849878050087215176e-01
3.442205181553998017e+00 -3.083130083478696215e-01
1.619087254175596069e+00 3.683617883129828297e-01
7.075282904863953171e-01 7.066991866434084724e-01
