-7.075282904863947619e-01 7.066991866434065850e-01
-1.619087254175597845e+00 3.683617883129813864e-01
-3.442205181553995796e+00 -3.083130083478702876e-01
-5.265323108932398632e+00 -9.849878050087224057e-01
-7.088441036310794807e+00 -1.661662601669573913e+00
-8.000000000000001776e+00 -1.999999999999999556e+00
-5.661189083775520769e-01 8.477869730994729291e-01
-1.719197928260020047e+00 1.154095234690139193e+00
-3.419212326356002585e+00 1.122066097950379149e+00
-5.119226724451992894e+00 1.090036961210618882e+00
-6.819241122547970768e+00 1.058007824470859060e+00
-7.972320142430445955e+00 1.364316086061524658e+00
-1.990349765585338049e-01 9.998749213667599278e-01
-7.129360340907481275e-01 2.207426219733013895e+00
-1.409148884360798659e+00 3.076640119768840442e+00
-2.105361734630855075e+00 3.945854019804667878e+00
-2.801574584900900167e+00 4.815067919840495314e+00
-3.315475642433122871e+00 6.022619218206748393e+00
1.990349765585344155e-01 9.998749213667610380e-01
7.129360340907459070e-01 2.207426219733014783e+00
1.409148884360800436e+00 3.076640119768841330e+00
2.105361734630848414e+00 3.945854019804668766e+00
2.801574584900910825e+00 4.815067919840496202e+00
3.315475642433108661e+00 6.022619218206749281e+00
5.661189083775529651e-01 8.477869730994712638e-01
1.719197928260018937e+00 1.154095234690138305e+00
3.419212326356007026e+00 1.122066097950378483e+00
5.119226724451989341e+00 1.090036961210619104e+00
6.819241122547985867e+00 1.058007824470859948e+00
7.972320142430435297e+00 1.364316086061526212e+00
7.075282904863952060e-01 7.066991866434082503e-01
1.619087254175596069e+00 3.683617883129827186e-01
3.442205181553997573e+00 -3.083130083478697325e-01
5.265323108932393303e+00 -9.849878050087215176e-01
7.088441036310805465e+00 -1.661662601669573469e+00
7.999999999999987566e+00 -1.999999999999999112e+00
