1.33333333333 0
1 0
0.333333333333 0
-0.333333333333 0
-1 0
-1.33333333333 0
0.972222222222 0.0833333333333
0.729166666667 0.0833333333333
0.243055555556 0.0833333333333
-0.243055555556 0.0833333333333
-0.729166666667 0.0833333333333
-0.972222222222 0.0833333333333
0.611111111111 0.166666666667
0.458333333333 0.166666666667
0.152777777778 0.166666666667
-0.152777777778 0.166666666667
-0.458333333333 0.166666666667
-0.611111111111 0.166666666667
0.25 0.25
0.1875 0.25
0.0625 0.25
-0.0625 0.25
-0.1875 0.25
-0.25 0.25
