-9.999999999999992228e-01 -1.999999999999997780e+00
-9.259013477835008610e-01 -1.677992054836253466e+00
-7.777040433505004735e-01 -1.033976164508748408e+00
-7.036053911340020006e-01 -7.119682193450038721e-01
-1.666666666666659635e-01 -2.000000000000001332e+00
-2.769090124686085508e-01 -1.634373366987146303e+00
-2.919770478928757074e-01 -1.225128046125185222e+00
-4.052721836452684023e-01 -1.007034606879661398e+00
1.666666666666652974e-01 -1.999999999999997335e+00
2.769090124686082732e-01 -1.634373366987145415e+00
2.919770478928745971e-01 -1.225128046125184555e+00
4.052721836452677362e-01 -1.007034606879658956e+00
9.999999999999988898e-01 -1.999999999999998002e+00
9.259013477835017492e-01 -1.677992054836253244e+00
7.777040433504982531e-01 -1.033976164508749074e+00
7.036053911340013345e-01 -7.119682193450036500e-01
