-7.999999999999994671e+00 -1.999999999999999334e+00
-6.177992054836253466e+00 -1.324098652216500138e+00
-2.533976164508747075e+00 2.770404335050261069e-02
-7.119682193450043162e-01 7.036053911340008904e-01
-5.083333333333332149e+00 -1.999999999999998890e+00
-4.057084312561655359e+00 -1.300380041956880728e+00
-2.320462824480340469e+00 -4.251881737519681570e-01
-1.004246997475993997e+00 4.024845742415996686e-01
-3.916666666666666075e+00 -1.999999999999999556e+00
-2.646549037596697129e+00 -1.452233341859056726e+00
-1.686543823374965667e+00 -8.305612706430939296e-01
-1.001459388072324597e+00 -4.108474024526029278e-01
-9.999999999999991118e-01 -1.999999999999998002e+00
-9.259013477835011940e-01 -1.677992054836253466e+00
-7.777040433505004735e-01 -1.033976164508748408e+00
-7.036053911340021116e-01 -7.119682193450037611e-01
