-7.036053911340020006e-01 -7.119682193450020957e-01
-9.986717786686568621e-01 -4.080597930489345826e-01
-9.986717786686587495e-01 4.080597930489346936e-01
-7.036053911340013345e-01 7.119682193450027619e-01
-4.052721836452687354e-01 -1.007034606879660066e+00
-5.036276461568192087e-01 -5.064152555604881645e-01
-5.036276461568213181e-01 5.064152555604854999e-01
-4.052721836452676252e-01 1.007034606879657401e+00
4.052721836452672921e-01 -1.007034606879657623e+00
5.036276461568210960e-01 -5.064152555604858330e-01
5.036276461568185425e-01 5.064152555604877204e-01
4.052721836452686244e-01 1.007034606879659178e+00
7.036053911340006684e-01 -7.119682193450027619e-01
9.986717786686591936e-01 -4.080597930489349157e-01
9.986717786686565290e-01 4.080597930489349157e-01
7.036053911340026668e-01 7.119682193450018737e-01
