9.999999999999991118e-01 -1.999999999999998002e+00
9.259013477835020822e-01 -1.677992054836253466e+00
7.777040433504982531e-01 -1.033976164508749074e+00
7.036053911340013345e-01 -7.119682193450037611e-01
3.916666666666659857e+00 -1.999999999999996891e+00
2.646549037596695797e+00 -1.452233341859056504e+00
1.686543823374965223e+00 -8.305612706430941516e-01
1.001459388072326151e+00 -4.108474024526026502e-01
5.083333333333337478e+00 -2.000000000000000444e+00
4.057084312561655359e+00 -1.300380041956881172e+00
2.320462824480340469e+00 -4.251881737519682125e-01
1.004246997475989556e+00 4.024845742416006122e-01
7.999999999999999112e+00 -1.999999999999998446e+00
6.177992054836246361e+00 -1.324098652216499472e+00
2.533976164508752404e+00 2.770404335050130618e-02
7.119682193450024288e-01 7.036053911340007794e-01
