-7.119682193450042051e-01 7.036053911340010014e-01
-2.533976164508746631e+00 2.770404335050263844e-02
-6.177992054836254354e+00 -1.324098652216499916e+00
-7.999999999999994671e+00 -2.000000000000000000e+00
-4.080597930489361369e-01 9.986717786686560849e-01
-2.419796046791636623e+00 2.972756048957732045e+00
-5.038868282255597464e+00 4.270938971463303702e+00
-7.050604535998295397e+00 6.245023241752379661e+00
4.080597930489341385e-01 9.986717786686578613e-01
2.419796046791637956e+00 2.972756048957731601e+00
5.038868282255582365e+00 4.270938971463303702e+00
7.050604535998289180e+00 6.245023241752376109e+00
7.119682193450024288e-01 7.036053911340010014e-01
2.533976164508752849e+00 2.770404335050130618e-02
6.177992054836245472e+00 -1.324098652216499916e+00
7.999999999999998224e+00 -1.999999999999998668e+00
