0.25 0.25
0.166666666667 0.25
-2.24324568949e-16 0.25
-0.166666666667 0.25
-0.25 0.25
0.25 0.333333333333
0.166666666667 0.333333333333
-2.24324568949e-16 0.333333333333
-0.166666666667 0.333333333333
-0.25 0.333333333333
0.25 0.5
0.166666666667 0.5
-2.24324568949e-16 0.5
-0.166666666667 0.5
-0.25 0.5
0.25 0.666666666667
0.166666666667 0.666666666667
-2.24324568949e-16 0.666666666667
-0.166666666667 0.666666666667
-0.25 0.666666666667
0.25 0.75
0.166666666667 0.75
-2.24324568949e-16 0.75
-0.166666666667 0.75
-0.25 0.75
