-8
-7.45753
-4.18554
-0.709181
-6.8493
-7.18355
-3.8526
-1.00146
-4.87233
-5.10492
-3.67812
-1.00007
-3.56129
-3.59946
-3.09687
-0.703605
-3.56129
-3.59946
-3.09687
-0.703605
-2.05676
-1.86651
-2.63741
-0.405272
2.05678
1.86652
2.63742
0.405272
3.56125
3.59946
3.09691
0.703605
3.56125
3.59946
3.09691
0.703605
4.87281
5.10312
3.67817
1.00007
6.85442
7.18303
3.85272
1.00146
8
7.45879
4.18534
0.709181
-0.703605
-1.00007
-1.00146
-0.709181
-0.405272
-0.326452
-0.327118
-0.406666
0.405272
0.326418
0.327091
0.406666
0.703605
1.00007
1.00146
0.709181
-0.709181
-4.18554
-7.45753
-8
-0.406666
-4.59838
-6.73292
-7.12389
0.406666
4.59848
6.73583
7.12389
0.709181
4.18534
7.45879
8
-2
-0.936647
1.84584
0.706393
-2
-1.24511
1.46897
0.405272
-2
-1.48598
0.311486
-0.409454
-2
-1.66784
-0.416589
-0.711968
-2
-1.66784
-0.416589
-0.711968
-2
-1.7562
-1.40559
-1.00703
-2
-1.75605
-1.40565
-1.00703
-2
-1.66783
-0.416532
-0.711968
-2
-1.66783
-0.416532
-0.711968
-2
-1.486
0.311613
-0.409454
-2
-1.24519
1.46914
0.405272
-2
-0.935945
1.8468
0.706393
-0.711968
-0.409454
0.405272
0.706393
-1.00703
-0.328397
0.327832
1.00285
-1.00703
-0.328303
0.327741
1.00285
-0.711968
-0.409454
0.405272
0.706393
0.706393
1.84584
-0.936647
-2
1.00285
3.19414
4.90843
5.8413
1.00285
3.19353
4.90775
5.8413
0.706393
1.8468
-0.935945
-2
