-8
-4.25571
-1.98896
-0.709181
-4.73226
-5.8376
-1.73542
-1.00146
-3.02194
-2.24247
-2.11154
-1.00007
-1.81858
-1.91065
-1.15345
-0.703605
-1.81858
-1.91065
-1.15345
-0.703605
-0.910479
-0.888763
-0.693943
-0.405272
0.910479
0.888763
0.693943
0.405272
1.81858
1.91065
1.15345
0.703605
1.81858
1.91065
1.15345
0.703605
3.02194
2.24247
2.11154
1.00007
4.73226
5.8376
1.73542
1.00146
8
4.25571
1.98896
0.709181
-0.703605
-1.00007
-1.00146
-0.709181
-0.405272
-0.446683
-0.44743
-0.406666
0.405272
0.446683
0.44743
0.406666
0.703605
1.00007
1.00146
0.709181
-0.709181
-1.98896
-4.25571
-8
-0.406666
-1.43925
-3.20611
-7.12389
0.406666
1.43925
3.20611
7.12389
0.709181
1.98896
4.25571
8
-2
0.968136
-0.227349
0.706393
-2
-1.56747
0.0131521
0.405272
-2
-1.19984
-0.711009
-0.409454
-2
-1.66696
-0.842915
-0.711968
-2
-1.66696
-0.842915
-0.711968
-2
-1.68739
-1.1131
-1.00703
-2
-1.68739
-1.1131
-1.00703
-2
-1.66696
-0.842915
-0.711968
-2
-1.66696
-0.842915
-0.711968
-2
-1.19984
-0.711009
-0.409454
-2
-1.56747
0.0131521
0.405272
-2
0.968136
-0.227349
0.706393
-0.711968
-0.409454
0.405272
0.706393
-1.00703
-0.45148
0.447247
1.00285
-1.00703
-0.45148
0.447247
1.00285
-0.711968
-0.409454
0.405272
0.706393
0.706393
-0.227349
0.968136
-2
1.00285
1.32101
1.32107
5.8413
1.00285
1.32101
1.32107
5.8413
0.706393
-0.227349
0.968136
-2
