-8
-2.95312
-1.06221
-0.709181
-2.90408
-3.28952
-1.44429
-1.00146
-1.54082
-1.37402
-1.25539
-1.00007
-0.936782
-0.951758
-0.795266
-0.703605
-0.936782
-0.951758
-0.795266
-0.703605
-0.438982
-0.429083
-0.416412
-0.405272
0.438982
0.429083
0.416412
0.405272
0.936782
0.951758
0.795266
0.703605
0.936782
0.951758
0.795266
0.703605
1.54082
1.37402
1.25539
1.00007
2.90408
3.28952
1.44429
1.00146
8
2.95312
1.06221
0.709181
-0.703605
-1.00007
-1.00146
-0.709181
-0.405272
-0.303781
-0.309674
-0.406666
0.405272
0.303781
0.309674
0.406666
0.703605
1.00007
1.00146
0.709181
-0.709181
-1.06221
-2.95312
-8
-0.406666
-0.614847
-2.141
-7.12389
0.406666
0.614847
2.141
7.12389
0.709181
1.06221
2.95312
8
-2
1.73063
0.893687
0.706393
-2
-0.642984
0.517343
0.405272
-2
-1.57266
-0.728767
-0.409454
-2
-1.62254
-0.971368
-0.711968
-2
-1.62254
-0.971368
-0.711968
-2
-1.7172
-1.20349
-1.00703
-2
-1.7172
-1.20349
-1.00703
-2
-1.62254
-0.971368
-0.711968
-2
-1.62254
-0.971368
-0.711968
-2
-1.57266
-0.728767
-0.409454
-2
-0.642984
0.517343
0.405272
-2
1.73063
0.893687
0.706393
-0.711968
-0.409454
0.405272
0.706393
-1.00703
-0.309083
0.305807
1.00285
-1.00703
-0.309083
0.305807
1.00285
-0.711968
-0.409454
0.405272
0.706393
0.706393
0.893687
1.73063
-2
1.00285
1.40461
3.39038
5.8413
1.00285
1.40461
3.39038
5.8413
0.706393
0.893687
1.73063
-2
