-8
-6.17799
-2.53398
-0.709181
-5.08333
-4.13676
-1.95082
-1.00146
-3.91667
-3.16384
-1.75428
-1.00007
-1
-0.925901
-0.777704
-0.703605
-1
-0.925901
-0.777704
-0.703605
-0.166667
-0.254435
-0.317504
-0.405272
0.166667
0.254435
0.317504
0.405272
1
0.925901
0.777704
0.703605
1
0.925901
0.777704
0.703605
3.91667
3.16384
1.75428
1.00007
5.08333
4.13676
1.95082
1.00146
8
6.17799
2.53398
0.709181
-0.703605
-1.00007
-1.00146
-0.709181
-0.405272
-0.503628
-0.503628
-0.406666
0.405272
0.503628
0.503628
0.406666
0.703605
1.00007
1.00146
0.709181
-0.709181
-2.53398
-6.17799
-8
-0.406666
-2.44422
-5.08772
-7.12389
0.406666
2.44422
5.08772
7.12389
0.709181
2.53398
6.17799
8
-2
-1.3241
0.027704
0.706393
-2
-1.38515
-0.212365
0.405272
-2
-1.61694
-0.793907
-0.409454
-2
-1.67799
-1.03398
-0.711968
-2
-1.67799
-1.03398
-0.711968
-2
-1.77635
-1.23069
-1.00703
-2
-1.77635
-1.23069
-1.00703
-2
-1.67799
-1.03398
-0.711968
-2
-1.67799
-1.03398
-0.711968
-2
-1.61694
-0.793907
-0.409454
-2
-1.38515
-0.212365
0.405272
-2
-1.3241
0.027704
0.706393
-0.711968
-0.409454
0.405272
0.706393
-1.00703
-0.506415
0.506415
1.00285
-1.00703
-0.506415
0.506415
1.00285
-0.711968
-0.409454
0.405272
0.706393
0.706393
0.027704
-1.3241
-2
1.00285
2.83818
4.00179
5.8413
1.00285
2.83818
4.00179
5.8413
0.706393
0.027704
-1.3241
-2
