-8
-3.265747079
-0.975775927292
-0.709180609941
-5.08333333333
-3.90292008826
-1.35250897514
-1.00145938807
-3.91666666667
-1.85726566513
-1.29391943635
-1.00006558337
-1
-1.11917727253
-0.839586366126
-0.703605391134
-1
-1.11917727253
-0.839586366126
-0.703605391134
-0.166666666667
-0.389000450185
-0.437271071868
-0.405272183645
0.166666666667
0.389000355688
0.437270831482
0.405272183645
1
1.11917726614
0.83958633221
0.703605391134
1
1.11917726614
0.83958633221
0.703605391134
3.91666666667
1.85726568469
1.29391944357
1.00006558337
5.08333333333
3.90292009754
1.35250898063
1.00145938807
8
3.26574707765
0.975775930514
0.709180609941
-0.703605391134
-1.00006558337
-1.00145938807
-0.709180609941
-0.405272183645
-0.33279158576
-0.337530812418
-0.406665988347
0.405272183645
0.332791585753
0.337530812417
0.406665988347
0.703605391134
1.00006558337
1.00145938807
0.709180609941
-0.709180609941
-0.975775927292
-3.265747079
-8
-0.406665988347
-0.642283965651
-1.95198737216
-7.12388866751
0.406665988347
0.642283964616
1.95198737142
7.12388866751
0.709180609941
0.975775930514
3.26574707765
8
-2
2.42059542788
0.873579254625
0.706393000538
-2
0.278118447071
0.537541522425
0.405272183645
-2
-1.24336191964
-0.66171112008
-0.409453597751
-2
-1.597279784
-0.918345898009
-0.711968219345
-2
-1.597279784
-0.918345898009
-0.711968219345
-2
-1.72178932383
-1.20004416049
-1.00703460688
-2
-1.72178922082
-1.20004390532
-1.00703460688
-2
-1.59727976896
-0.918345807835
-0.711968219345
-2
-1.59727976896
-0.918345807835
-0.711968219345
-2
-1.24336192241
-0.661711119056
-0.409453597751
-2
0.278118447
0.537541519067
0.405272183645
-2
2.42059542706
0.873579257045
0.706393000538
-0.711968219345
-0.409453597751
0.405272183645
0.706393000538
-1.00703460688
-0.337364812526
0.333901731672
1.00285319277
-1.00703460688
-0.337364812519
0.333901731671
1.00285319277
-0.711968219345
-0.409453597751
0.405272183645
0.706393000538
0.706393000538
0.873579254625
2.42059542788
-2
1.00285319277
1.41701078705
3.65814280513
5.84129925952
1.00285319277
1.41701079093
3.65814280554
5.84129925952
0.706393000538
0.873579257045
2.42059542706
-2
