1.33333333333 0
0.888888888889 0
-2.22044604925e-16 0
-0.888888888889 0
-1.33333333333 0
1.0625 0.0625
0.708333333333 0.0625
-1.53225656892e-16 0.0625
-0.708333333333 0.0625
-1.0625 0.0625
0.791666666667 0.125
0.527777777778 0.125
-8.44067088591e-17 0.125
-0.527777777778 0.125
-0.791666666667 0.125
0.520833333333 0.1875
0.347222222222 0.1875
-1.55877608262e-17 0.1875
-0.347222222222 0.1875
-0.520833333333 0.1875
0.25 0.25
0.166666666667 0.25
5.32311872068e-17 0.25
-0.166666666667 0.25
-0.25 0.25
