1.33333333333 0
1.11111111111 0
0.666666666667 0
0.222222222222 0
-0.222222222222 0
-0.666666666667 0
-1.11111111111 0
-1.33333333333 0
1.0625 0.0625
0.885416666667 0.0625
0.53125 0.0625
0.177083333333 0.0625
-0.177083333333 0.0625
-0.53125 0.0625
-0.885416666667 0.0625
-1.0625 0.0625
0.791666666667 0.125
0.659722222222 0.125
0.395833333333 0.125
0.131944444444 0.125
-0.131944444444 0.125
-0.395833333333 0.125
-0.659722222222 0.125
-0.791666666667 0.125
0.520833333333 0.1875
0.434027777778 0.1875
0.260416666667 0.1875
0.0868055555556 0.1875
-0.0868055555556 0.1875
-0.260416666667 0.1875
-0.434027777778 0.1875
-0.520833333333 0.1875
0.25 0.25
0.208333333333 0.25
0.125 0.25
0.0416666666667 0.25
-0.0416666666667 0.25
-0.125 0.25
-0.208333333333 0.25
-0.25 0.25
