0.25 0.25
0.208333333333 0.25
0.125 0.25
0.0416666666667 0.25
-0.0416666666667 0.25
-0.125 0.25
-0.208333333333 0.25
-0.25 0.25
0.25 0.291666666667
0.208333333333 0.291666666667
0.125 0.291666666667
0.0416666666667 0.291666666667
-0.0416666666667 0.291666666667
-0.125 0.291666666667
-0.208333333333 0.291666666667
-0.25 0.291666666667
0.25 0.375
0.208333333333 0.375
0.125 0.375
0.0416666666667 0.375
-0.0416666666667 0.375
-0.125 0.375
-0.208333333333 0.375
-0.25 0.375
0.25 0.458333333333
0.208333333333 0.458333333333
0.125 0.458333333333
0.0416666666667 0.458333333333
-0.0416666666667 0.458333333333
-0.125 0.458333333333
-0.208333333333 0.458333333333
-0.25 0.458333333333
0.25 0.541666666667
0.208333333333 0.541666666667
0.125 0.541666666667
0.0416666666667 0.541666666667
-0.0416666666667 0.541666666667
-0.125 0.541666666667
-0.208333333333 0.541666666667
-0.25 0.541666666667
0.25 0.625
0.208333333333 0.625
0.125 0.625
0.0416666666667 0.625
-0.0416666666667 0.625
-0.125 0.625
-0.208333333333 0.625
-0.25 0.625
0.25 0.708333333333
0.208333333333 0.708333333333
0.125 0.708333333333
0.0416666666667 0.708333333333
-0.0416666666667 0.708333333333
-0.125 0.708333333333
-0.208333333333 0.708333333333
-0.25 0.708333333333
0.25 0.75
0.208333333333 0.75
0.125 0.75
0.0416666666667 0.75
-0.0416666666667 0.75
-0.125 0.75
-0.208333333333 0.75
-0.25 0.75
