4 0
3.77777777778 0
3.33333333333 0
2.88888888889 0
2.44444444444 0
2 0
1.55555555556 0
1.33333333333 0
3.0625 0.1875
2.89583333333 0.177083333333
2.5625 0.15625
2.22916666667 0.135416666667
1.89583333333 0.114583333333
1.5625 0.09375
1.22916666667 0.0729166666667
1.0625 0.0625
2.125 0.375
2.01388888889 0.354166666667
1.79166666667 0.3125
1.56944444444 0.270833333333
1.34722222222 0.229166666667
1.125 0.1875
0.902777777778 0.145833333333
0.791666666667 0.125
1.1875 0.5625
1.13194444444 0.53125
1.02083333333 0.46875
0.909722222222 0.40625
0.798611111111 0.34375
0.6875 0.28125
0.576388888889 0.21875
0.520833333333 0.1875
0.25 0.75
0.25 0.708333333333
0.25 0.625
0.25 0.541666666667
0.25 0.458333333333
0.25 0.375
0.25 0.291666666667
0.25 0.25
