-4 0
-3.9976 1.074
-2.9278 2.9264
-1.0712 3.9989
1.0712 3.9989
2.9278 2.9264
3.9976 1.074
4 0
-3.0625 0.1875
-3.0503 0.99297
-2.2271 2.3823
-0.8138 3.1867
0.8138 3.1867
2.2271 2.3823
3.0503 0.99297
3.0625 0.1875
-2.125 0.375
-2.103 0.91198
-1.5264 1.8382
-0.55642 2.3745
0.55642 2.3745
1.5264 1.8382
2.103 0.91198
2.125 0.375
-1.1875 0.5625
-1.1556 0.83099
-0.82569 1.2941
-0.29904 1.5622
0.29904 1.5622
0.82569 1.2941
1.1556 0.83099
1.1875 0.5625
-0.25 0.75
-0.20833 0.75
-0.125 0.75
-0.041667 0.75
0.041667 0.75
0.125 0.75
0.20833 0.75
0.25 0.75
